"",-9.000,-8.000,-7.000,-6.000,-5.000,-4.000,-3.000,-2.000,-1.000,0.000
54421.0000,NaN,0.0000E+00,0.0000E+00,0.0000E+00,0.0000E+00,0.0000E+00,0.0000E+00,0.0000E+00,0.0000E+00,0.0000E+00
54422.0000,NaN,0.0000E+00,0.0000E+00,0.0000E+00,0.0000E+00,0.0000E+00,0.0000E+00,0.0000E+00,0.0000E+00,0.0000E+00
54423.0000,NaN,0.0000E+00,1.2734E-14,-2.1077E-15,-9.7201E-14,-1.9463E-13,-6.5772E-13,-2.5166E-12,-1.2904E-11,0.0000E+00
54424.0000,NaN,0.0000E+00,-1.5405E-04,-5.9887E-04,-1.9183E-05,-4.2198E-05,-7.5094E-05,-1.2734E-04,-1.8736E-04,0.0000E+00
54425.0000,NaN,0.0000E+00,-3.3514E-18,-6.5717E-18,-2.1665E-17,-2.6120E-17,-3.8184E-17,-5.6726E-17,-9.3089E-17,0.0000E+00
54426.0000,NaN,0.0000E+00,-9.0495E-15,-2.4895E-15,1.9265E-14,4.0969E-14,1.1836E-13,3.1409E-13,-7.9068E-12,0.0000E+00
54427.0000,NaN,0.0000E+00,-2.3564E-14,-1.0829E-14,2.3549E-13,1.7366E-12,2.2645E-12,2.5840E-12,-2.2586E-11,0.0000E+00
54428.0000,NaN,0.0000E+00,-4.1438E-14,-2.6407E-14,3.8533E-11,5.3920E-10,6.8216E-10,2.4495E-10,-2.3360E-11,0.0000E+00
54429.0000,NaN,0.0000E+00,-6.1099E-14,1.2222E-12,1.0488E-08,1.9708E-09,5.4326E-09,6.2078E-09,-3.1806E-11,0.0000E+00
54430.0000,NaN,0.0000E+00,-7.8671E-14,1.4142E-10,5.5272E-14,4.4067E-14,4.0844E-14,2.4030E-14,-3.8126E-11,0.0000E+00
54431.0000,NaN,0.0000E+00,-8.2330E-14,2.2702E-12,1.1751E-15,8.3161E-16,3.2598E-16,-1.2683E-15,-4.4675E-11,0.0000E+00
54432.0000,NaN,0.0000E+00,-7.5377E-14,1.4541E-12,2.3599E-14,2.4985E-13,8.0634E-13,9.6331E-13,-4.9408E-11,0.0000E+00
54433.0000,NaN,0.0000E+00,-6.3560E-14,1.2308E-12,2.0045E-13,1.5592E-11,7.0292E-11,-1.7400E-10,-5.3996E-11,0.0000E+00
54434.0000,NaN,0.0000E+00,-4.7665E-14,1.0527E-12,4.5346E-12,9.2781E-11,1.8766E-11,-1.3611E-15,-5.8802E-11,0.0000E+00
54435.0000,NaN,0.0000E+00,-2.7031E-14,9.0259E-13,8.1049E-11,4.4905E-13,3.8368E-13,-5.4723E-13,-6.3036E-11,0.0000E+00
54436.0000,NaN,0.0000E+00,3.9808E-15,1.2801E-12,3.5632E-14,6.8432E-15,1.7596E-14,-1.1361E-12,-6.6656E-11,0.0000E+00
54437.0000,NaN,0.0000E+00,6.3782E-14,1.7839E-12,1.5902E-13,3.0378E-14,5.9933E-14,-4.2615E-13,-7.0295E-11,0.0000E+00
54438.0000,NaN,0.0000E+00,1.5454E-13,1.6226E-12,1.0713E-12,1.7648E-13,1.3936E-12,-9.7882E-13,-7.3567E-11,0.0000E+00
54439.0000,NaN,0.0000E+00,1.9337E-13,1.2204E-12,1.3938E-12,5.7406E-12,1.7168E-11,-1.1696E-12,-7.6425E-11,0.0000E+00
54440.0000,NaN,0.0000E+00,1.3630E-13,1.1634E-12,2.4834E-12,2.6232E-11,1.6099E-11,-1.4450E-12,-7.8271E-11,0.0000E+00
54441.0000,NaN,0.0000E+00,1.6810E-13,2.1070E-12,6.7796E-12,1.2751E-11,2.8584E-13,-8.5894E-12,-8.0695E-11,0.0000E+00
54442.0000,NaN,0.0000E+00,-3.0979E-13,-6.5288E-14,-2.2654E-13,-1.4330E-13,-4.9099E-14,-2.4467E-12,-8.2973E-11,0.0000E+00
54443.0000,NaN,0.0000E+00,-7.7549E-13,-3.5867E-13,1.2054E-14,1.7073E-13,5.7287E-14,-2.3278E-12,-8.4465E-11,0.0000E+00
54444.0000,NaN,0.0000E+00,-1.1721E-12,-6.7438E-13,-1.1030E-13,3.6971E-13,3.1660E-13,-3.0186E-12,-8.6264E-11,0.0000E+00
54445.0000,NaN,0.0000E+00,-1.6769E-12,-9.3034E-13,1.9917E-13,2.2519E-12,4.3436E-12,-3.6051E-12,-8.7486E-11,0.0000E+00
54446.0000,NaN,0.0000E+00,-1.6428E-12,4.3625E-13,2.9959E-12,1.5885E-11,1.1923E-11,-3.8398E-12,-8.7368E-11,0.0000E+00
54447.0000,NaN,0.0000E+00,-1.5403E-12,5.8306E-13,2.3856E-12,4.0305E-12,3.8831E-12,-4.6748E-12,-8.7966E-11,0.0000E+00
54448.0000,NaN,0.0000E+00,-2.2619E-12,-8.2155E-13,-1.4442E-13,-2.2682E-14,-8.9280E-14,-6.0204E-12,-8.8804E-11,0.0000E+00
54449.0000,NaN,0.0000E+00,-2.1016E-12,-2.9085E-13,6.3127E-13,4.8617E-13,3.2062E-14,-5.4435E-12,-8.8252E-11,0.0000E+00
54450.0000,NaN,0.0000E+00,-2.6239E-12,-9.4924E-13,3.4879E-13,2.2033E-12,-2.3993E-13,-5.8683E-12,-8.9401E-11,0.0000E+00
54451.0000,NaN,0.0000E+00,-3.0270E-12,-1.0536E-12,2.0427E-13,3.3573E-12,-1.8358E-12,-6.4040E-12,-9.0385E-11,0.0000E+00
54452.0000,NaN,0.0000E+00,-4.2461E-12,-2.5769E-12,-1.6804E-12,-9.1468E-13,-4.6829E-12,-7.5500E-12,-9.1466E-11,0.0000E+00
54453.0000,NaN,0.0000E+00,-2.7994E-12,-7.0149E-13,7.1089E-13,4.5226E-13,-3.1026E-12,-1.2126E-11,-8.9631E-11,0.0000E+00
54454.0000,NaN,0.0000E+00,-5.6071E-12,-5.2619E-12,-6.7068E-12,-1.2364E-11,-3.8478E-11,-4.2426E-11,-9.0221E-11,0.0000E+00
54455.0000,NaN,0.0000E+00,-1.3302E-11,-1.4635E-11,-1.5170E-11,-1.3049E-11,-1.1613E-11,-3.2694E-10,-9.1755E-11,0.0000E+00
54456.0000,NaN,0.0000E+00,-1.2735E-11,-1.7520E-11,-2.7486E-11,-4.1102E-11,-1.3605E-10,-1.5296E-10,-9.8933E-11,0.0000E+00
54457.0000,NaN,0.0000E+00,-3.1446E-11,-4.4577E-11,-6.4187E-11,-8.8229E-11,-5.6585E-11,-4.3607E-10,-1.6522E-10,0.0000E+00
54458.0000,NaN,0.0000E+00,-3.2764E-11,-5.6424E-11,-7.9261E-11,-9.9519E-11,-2.8557E-10,-1.1527E-10,-2.9316E-10,0.0000E+00
54459.0000,NaN,0.0000E+00,-4.9358E-11,-7.1936E-11,-1.0536E-10,-1.2991E-10,-6.7449E-11,-5.3332E-10,-3.0033E-10,0.0000E+00
54460.0000,NaN,0.0000E+00,-3.3360E-11,-5.6091E-11,-7.5788E-11,-1.0028E-10,-3.6233E-10,-5.8238E-11,-3.0145E-10,0.0000E+00
54461.0000,NaN,0.0000E+00,-4.0217E-11,-5.9640E-11,-9.0596E-11,-1.1140E-10,-4.4810E-11,-6.9211E-10,-3.2133E-10,0.0000E+00
54462.0000,NaN,0.0000E+00,-2.5861E-11,-4.2223E-11,-5.4973E-11,-7.6039E-11,-3.9450E-10,-2.1704E-11,-3.4476E-10,0.0000E+00
54463.0000,NaN,0.0000E+00,-3.2787E-11,-4.8735E-11,-7.5833E-11,-8.9052E-11,-2.5080E-11,-1.1383E-09,-3.1677E-10,0.0000E+00
54464.0000,NaN,0.0000E+00,-2.1449E-11,-3.4504E-11,-4.3415E-11,-6.1955E-11,-4.5656E-10,-1.5128E-11,-3.0447E-10,0.0000E+00
54465.0000,NaN,0.0000E+00,-2.7219E-11,-4.1137E-11,-6.7805E-11,-8.3556E-11,-1.9126E-11,-1.1838E-09,-2.4136E-10,0.0000E+00
54466.0000,NaN,0.0000E+00,-1.6141E-11,-2.4936E-11,-2.8251E-11,-3.5132E-11,-3.6684E-10,-6.4513E-12,-2.3432E-10,0.0000E+00
54467.0000,NaN,0.0000E+00,-2.4940E-11,-3.8545E-11,-6.9444E-11,-1.0335E-10,-2.6554E-11,-1.2377E-09,-1.5206E-10,0.0000E+00
54468.0000,NaN,0.0000E+00,-1.7509E-11,-2.6413E-11,-2.7071E-11,-2.4682E-11,-2.7280E-10,-4.6803E-12,-2.5688E-10,0.0000E+00
54469.0000,NaN,0.0000E+00,-2.2573E-11,-3.5150E-11,-6.7816E-11,-1.3291E-10,-4.4485E-11,-1.1434E-09,-1.1016E-10,0.0000E+00
54470.0000,NaN,0.0000E+00,-1.0110E-11,-1.4373E-11,-1.3237E-11,-7.8539E-12,-6.7479E-11,-1.9999E-12,-2.2120E-10,0.0000E+00
54471.0000,NaN,0.0000E+00,-1.1447E-11,-1.7053E-11,-3.3680E-11,-9.5744E-11,-6.9250E-11,-4.9843E-10,-1.0612E-10,0.0000E+00
54472.0000,NaN,0.0000E+00,-1.9018E-11,-3.0101E-11,-3.4137E-11,-2.3633E-11,-8.6985E-11,-1.6199E-11,-1.3885E-10,0.0000E+00
54473.0000,NaN,0.0000E+00,-1.1381E-11,-1.5562E-11,-2.4207E-11,-5.5930E-11,-4.0849E-11,-2.2951E-10,-1.4161E-10,0.0000E+00
54474.0000,NaN,0.0000E+00,-1.4229E-11,-2.2647E-11,-2.8596E-11,-2.4160E-11,-9.8528E-11,-3.3484E-11,-1.9391E-10,0.0000E+00
54475.0000,NaN,0.0000E+00,-1.7720E-11,-2.5768E-11,-4.1218E-11,-8.8415E-11,-6.1837E-11,-3.0825E-10,-1.5769E-10,0.0000E+00
54476.0000,NaN,0.0000E+00,-1.3702E-11,-2.0903E-11,-2.3999E-11,-1.6677E-11,-7.9202E-11,-1.4190E-11,-1.8492E-10,0.0000E+00
54477.0000,NaN,0.0000E+00,-1.3677E-11,-2.0114E-11,-3.3682E-11,-8.3721E-11,-5.4294E-11,-3.0189E-10,-1.1531E-10,0.0000E+00
54478.0000,NaN,0.0000E+00,-1.3573E-11,-2.0280E-11,-2.2548E-11,-1.3036E-11,-6.8400E-11,-5.4676E-12,-1.5335E-10,0.0000E+00
54479.0000,NaN,0.0000E+00,-1.3307E-11,-1.9657E-11,-3.2703E-11,-9.4875E-11,-7.1656E-11,-3.3411E-10,-9.7123E-11,0.0000E+00
54480.0000,NaN,0.0000E+00,-9.4199E-12,-1.3588E-11,-1.4916E-11,-6.7735E-12,-4.0564E-11,-5.5268E-12,-1.0353E-10,0.0000E+00
54481.0000,NaN,0.0000E+00,-7.4187E-12,-1.0183E-11,-1.6295E-11,-6.4828E-11,-9.2103E-11,-1.7670E-10,-8.9232E-11,0.0000E+00
54482.0000,NaN,0.0000E+00,-8.7927E-12,-1.3293E-11,-1.7165E-11,-9.8255E-12,-5.0666E-11,-3.8249E-11,-9.9335E-11,0.0000E+00
54483.0000,NaN,0.0000E+00,-8.7050E-12,-1.1598E-11,-1.6244E-11,-5.8599E-11,-1.0983E-10,-1.5970E-10,-1.1667E-10,0.0000E+00
54484.0000,NaN,0.0000E+00,-1.0417E-11,-1.6209E-11,-2.1924E-11,-1.2424E-11,-6.1972E-11,-3.5483E-11,-1.3880E-10,0.0000E+00
54485.0000,NaN,0.0000E+00,-1.1594E-11,-1.5707E-11,-2.1522E-11,-7.0797E-11,-1.1174E-10,-1.6496E-10,-1.3185E-10,0.0000E+00
54486.0000,NaN,0.0000E+00,-9.5358E-12,-1.4562E-11,-1.9203E-11,-9.5337E-12,-6.5564E-11,-1.7262E-11,-1.2811E-10,0.0000E+00
54487.0000,NaN,0.0000E+00,-4.8410E-12,-5.8754E-12,-7.6091E-12,-2.8905E-11,-5.0600E-11,-1.1449E-10,-8.9086E-11,0.0000E+00
54488.0000,NaN,0.0000E+00,-1.9509E-12,-1.6478E-12,-1.3133E-12,-1.1838E-12,-2.5878E-11,-4.8763E-12,-9.5716E-11,0.0000E+00
54489.0000,NaN,0.0000E+00,-2.1092E-14,1.4839E-12,3.2387E-12,7.5872E-12,8.2724E-13,-5.0822E-11,-6.1168E-11,0.0000E+00
54490.0000,NaN,0.0000E+00,1.7610E-12,4.7862E-12,8.0898E-12,7.0348E-12,5.4364E-12,-1.0005E-11,-8.8568E-11,0.0000E+00
54491.0000,NaN,0.0000E+00,1.0349E-12,3.1764E-12,5.5460E-12,7.3713E-12,2.2544E-12,-4.5665E-11,-8.5240E-11,0.0000E+00
54492.0000,NaN,0.0000E+00,-2.0634E-12,-1.7583E-12,-1.6074E-12,-3.0076E-12,-1.1870E-11,-1.8403E-11,-1.2927E-10,0.0000E+00
54493.0000,NaN,0.0000E+00,-1.9520E-13,1.1432E-12,2.4361E-12,1.7987E-12,-1.7025E-12,-2.7809E-11,-8.5132E-11,0.0000E+00
54494.0000,NaN,0.0000E+00,1.2654E-12,3.4942E-12,6.1011E-12,8.1081E-12,4.6848E-12,-1.1930E-11,-9.7476E-11,0.0000E+00
54495.0000,NaN,0.0000E+00,4.8658E-12,9.5945E-12,1.5180E-11,1.8909E-11,1.5991E-11,1.0880E-12,-6.0222E-11,0.0000E+00
54496.0000,NaN,0.0000E+00,4.3674E-12,8.5081E-12,1.3278E-11,1.8027E-11,2.6986E-11,-7.9987E-12,-7.5305E-11,0.0000E+00
54497.0000,NaN,0.0000E+00,1.8168E-12,4.4917E-12,7.1147E-12,6.9407E-12,3.3747E-12,-6.0857E-12,-6.9530E-11,0.0000E+00
54498.0000,NaN,0.0000E+00,3.2692E-16,1.4733E-12,2.8416E-12,2.3611E-12,-5.6920E-13,-1.9400E-11,-8.5990E-11,0.0000E+00
54499.0000,NaN,0.0000E+00,-3.3646E-12,-3.9325E-12,-4.6807E-12,-7.0226E-12,-1.5155E-11,-1.0019E-11,-6.5904E-11,0.0000E+00
54500.0000,NaN,0.0000E+00,1.2719E-12,3.6278E-12,6.3397E-12,6.6753E-12,2.8852E-12,-2.0922E-11,-7.1488E-11,0.0000E+00
54501.0000,NaN,0.0000E+00,1.9956E-11,3.3971E-11,5.3020E-11,9.1410E-11,1.9179E-10,1.4633E-11,-4.2754E-11,0.0000E+00
54502.0000,NaN,0.0000E+00,1.8450E-11,3.3904E-11,7.6489E-11,3.7514E-10,6.3353E-10,2.4111E-09,-5.0782E-11,0.0000E+00
54503.0000,NaN,0.0000E+00,1.7971E-11,3.0599E-11,5.8611E-11,7.9472E-11,7.1824E-11,1.5896E-10,-7.6044E-11,0.0000E+00
54504.0000,NaN,0.0000E+00,5.9118E-12,8.2015E-12,9.9719E-13,4.8593E-14,2.2244E-14,-1.8598E-15,-6.2797E-11,0.0000E+00
54505.0000,NaN,0.0000E+00,4.1076E-13,1.3586E-12,1.9738E-12,4.0658E-13,3.0709E-13,1.8362E-13,-4.2986E-11,0.0000E+00
54506.0000,NaN,0.0000E+00,-3.9096E-13,3.5154E-13,2.0452E-12,1.0195E-12,5.9418E-13,8.1443E-13,-4.2365E-11,0.0000E+00
54507.0000,NaN,0.0000E+00,-1.1115E-13,1.3512E-12,3.2720E-12,4.4580E-12,1.5734E-12,2.4175E-12,-4.3691E-11,0.0000E+00
54508.0000,NaN,0.0000E+00,1.0303E-12,3.5078E-12,7.8464E-12,1.3270E-11,1.0538E-11,1.2746E-11,-4.4839E-11,0.0000E+00
54509.0000,NaN,0.0000E+00,4.2068E-12,9.0850E-12,1.7742E-11,2.9520E-11,1.3210E-10,1.3112E-10,-4.6291E-11,0.0000E+00
54510.0000,NaN,0.0000E+00,1.9702E-11,3.5669E-11,7.9593E-11,1.6479E-10,1.2254E-09,7.2199E-10,-4.8515E-11,0.0000E+00
54511.0000,NaN,0.0000E+00,4.2891E-11,8.0695E-11,3.0204E-10,8.3036E-10,5.3706E-10,4.9067E-10,-6.5233E-11,0.0000E+00
54512.0000,NaN,0.0000E+00,1.4943E-11,1.9359E-11,2.2183E-11,6.1194E-11,6.4927E-12,-9.1970E-13,-1.3760E-10,0.0000E+00
54513.0000,NaN,0.0000E+00,-3.0968E-12,-3.2751E-12,-6.1130E-13,-2.5633E-13,-6.6523E-13,-1.5628E-13,-5.6441E-11,0.0000E+00
54514.0000,NaN,0.0000E+00,3.8191E-13,1.7036E-12,6.2369E-12,2.6035E-12,1.1758E-12,9.2743E-13,-5.5619E-11,0.0000E+00
54515.0000,NaN,0.0000E+00,8.2713E-13,2.7129E-12,5.7246E-12,1.4785E-11,1.1126E-11,5.1785E-12,-5.5244E-11,0.0000E+00
54516.0000,NaN,0.0000E+00,1.2229E-11,2.3156E-11,4.4322E-11,1.3347E-10,7.3479E-10,1.8366E-10,-4.3222E-11,0.0000E+00
54517.0000,NaN,0.0000E+00,6.0882E-11,1.2713E-10,5.3844E-10,1.6059E-09,2.4783E-09,2.8791E-09,-4.0871E-11,0.0000E+00
54518.0000,NaN,0.0000E+00,7.4847E-11,3.2254E-10,1.1015E-09,1.0444E-09,5.7506E-10,2.9407E-09,-3.7589E-11,0.0000E+00
54519.0000,NaN,0.0000E+00,3.5247E-11,6.4329E-12,2.2419E-12,9.9063E-13,6.3291E-13,2.4785E-12,2.4727E-10,0.0000E+00
54520.0000,NaN,0.0000E+00,2.5683E-11,1.3338E-11,5.6967E-13,9.0976E-13,1.4964E-12,3.4567E-13,1.6941E-11,0.0000E+00
54521.0000,NaN,0.0000E+00,1.5248E-12,4.2644E-12,6.7655E-13,1.0937E-12,2.5077E-12,5.0698E-12,-3.7907E-12,0.0000E+00
54522.0000,NaN,0.0000E+00,1.7764E-12,3.7820E-12,2.8829E-12,2.2342E-12,1.2973E-11,6.5308E-11,2.7797E-13,0.0000E+00
54523.0000,NaN,0.0000E+00,3.6622E-12,7.1416E-12,1.1365E-11,1.1180E-11,2.0570E-10,1.1342E-09,6.0746E-11,0.0000E+00
54524.0000,NaN,0.0000E+00,9.5634E-12,1.7838E-11,3.4201E-11,3.8367E-10,6.4429E-09,7.1102E-09,1.2342E-09,0.0000E+00
54525.0000,NaN,0.0000E+00,9.9955E-11,2.4732E-10,6.6621E-10,1.2053E-08,1.3394E-08,8.6313E-10,-2.1768E-08,0.0000E+00
54526.0000,NaN,0.0000E+00,4.1791E-10,3.8001E-09,3.7849E-09,3.7276E-11,1.0087E-14,3.3968E-16,-2.0109E-16,0.0000E+00
54527.0000,NaN,0.0000E+00,-3.0623E-11,-7.3630E-11,-8.0063E-11,-4.1250E-13,-4.7878E-14,-3.5176E-13,-2.4433E-12,0.0000E+00
54528.0000,NaN,0.0000E+00,-2.5413E-13,-8.6829E-15,-8.1561E-15,-5.2828E-13,-3.7141E-13,-2.3842E-12,-4.7515E-12,0.0000E+00
54529.0000,NaN,0.0000E+00,-1.1721E-13,-9.7614E-14,-5.5117E-14,-6.2566E-13,-1.4235E-12,-5.2685E-12,-8.5761E-12,0.0000E+00
54530.0000,NaN,0.0000E+00,-1.7256E-14,-9.7969E-14,-1.0406E-13,-6.4417E-13,-1.9312E-12,-6.9851E-12,2.7487E-13,0.0000E+00
54531.0000,NaN,0.0000E+00,-2.4281E-14,-1.4148E-13,-2.9400E-13,-9.5719E-13,-2.4069E-12,-8.8913E-12,1.0772E-10,0.0000E+00
54532.0000,NaN,0.0000E+00,-9.9112E-14,-3.5637E-13,-9.8517E-13,-1.6574E-12,-2.8738E-12,-1.1154E-11,3.7512E-09,0.0000E+00
54533.0000,NaN,0.0000E+00,-5.6731E-13,-1.2731E-12,-3.2890E-12,-3.1571E-12,-3.4997E-12,-1.3781E-11,9.9301E-09,0.0000E+00
54534.0000,NaN,0.0000E+00,-1.8228E-12,-4.3584E-12,-9.0547E-12,-6.7325E-12,-4.5234E-12,-1.6332E-11,1.4740E-09,0.0000E+00
54535.0000,NaN,0.0000E+00,-4.4179E-12,-9.9856E-12,-1.5368E-11,-1.4518E-11,-7.2133E-12,-1.8253E-11,1.5827E-10,0.0000E+00
54536.0000,NaN,0.0000E+00,-5.6891E-12,-1.5566E-11,-1.9553E-11,-2.1693E-11,-1.7083E-11,-3.1323E-11,-1.3905E-12,0.0000E+00
54537.0000,NaN,0.0000E+00,-7.3366E-12,-1.3987E-11,-2.0684E-11,-2.2004E-11,-2.6181E-11,-3.7339E-11,5.8927E-13,0.0000E+00
54538.0000,NaN,0.0000E+00,-9.3721E-12,-1.7591E-11,-2.6343E-11,-2.7956E-11,-3.4710E-11,-4.7323E-11,-5.3769E-12,0.0000E+00
54539.0000,NaN,0.0000E+00,-8.7742E-12,-1.3465E-11,-1.8168E-11,-1.8036E-11,-2.8745E-11,-4.7867E-11,3.2954E-09,0.0000E+00
54540.0000,NaN,0.0000E+00,-1.0826E-11,-1.8980E-11,-2.8309E-11,-3.3294E-11,-3.5187E-11,-6.1064E-11,1.6047E-07,0.0000E+00
54541.0000,NaN,0.0000E+00,-1.5570E-11,-2.2902E-11,-2.5578E-11,-2.1415E-11,-3.4828E-11,-7.5661E-11,-8.5471E-10,0.0000E+00
54542.0000,NaN,0.0000E+00,-1.2063E-11,-1.8440E-11,-2.4011E-11,-3.3201E-11,-3.1928E-11,-7.6606E-11,3.7808E-12,0.0000E+00
54543.0000,NaN,0.0000E+00,-1.5513E-11,-2.6498E-11,-3.6061E-11,-2.2526E-11,-3.7406E-11,-8.7779E-11,-7.2437E-12,0.0000E+00
54544.0000,NaN,0.0000E+00,-1.5490E-11,-2.0537E-11,-1.9033E-11,-4.5607E-11,-3.8869E-11,-1.0107E-10,-1.1121E-11,0.0000E+00
54545.0000,NaN,0.0000E+00,-1.5404E-11,-2.7986E-11,-5.8633E-11,-2.1416E-11,-4.0218E-11,-1.1926E-10,5.7201E-11,0.0000E+00
54546.0000,NaN,0.0000E+00,-1.9150E-11,-2.4131E-11,-9.0936E-12,-5.5716E-11,-4.7288E-11,-1.4494E-10,2.5949E-09,0.0000E+00
54547.0000,NaN,0.0000E+00,-1.1642E-11,-2.0157E-11,-1.3008E-10,-1.7950E-11,-4.6149E-11,-1.6327E-10,1.5452E-08,0.0000E+00
54548.0000,NaN,0.0000E+00,-2.0862E-11,-3.3600E-11,-3.0381E-12,-6.8064E-11,-5.6558E-11,-1.9769E-10,1.8046E-09,0.0000E+00
54549.0000,NaN,0.0000E+00,-1.0680E-11,-1.0689E-11,-2.7416E-10,-3.1306E-11,-6.2412E-11,-2.1820E-10,1.9627E-09,0.0000E+00
54550.0000,NaN,0.0000E+00,-2.7426E-11,-8.6617E-11,-1.4330E-12,-6.1684E-11,-6.7988E-11,-4.2125E-10,9.0228E-10,0.0000E+00
54551.0000,NaN,0.0000E+00,-9.1121E-12,-2.4022E-12,-1.5200E-10,-2.7935E-10,-5.2596E-10,-7.4458E-09,-5.5525E-10,0.0000E+00
54552.0000,NaN,0.0000E+00,-6.1443E-11,-8.2260E-10,-1.7152E-10,-6.6294E-10,-2.9572E-09,-1.4877E-08,-1.6302E-09,0.0000E+00
54553.0000,NaN,0.0000E+00,-3.7414E-10,-1.3289E-11,-2.1890E-09,-3.6089E-09,-1.1835E-08,-1.2755E-09,-1.4537E-10,0.0000E+00
54554.0000,NaN,0.0000E+00,-9.1985E-11,-3.5463E-08,-1.6083E-09,-5.0270E-09,-2.7906E-09,-3.8605E-09,-2.2100E-09,0.0000E+00
54555.0000,NaN,0.0000E+00,-2.1738E-08,-1.7169E-11,-2.8094E-09,-5.2737E-10,-4.0397E-09,-1.4189E-08,-1.0216E-08,0.0000E+00
54556.0000,NaN,0.0000E+00,-8.9660E-14,-1.0552E-09,-2.0678E-10,-1.5723E-08,-9.9309E-09,-7.1172E-09,-1.2341E-09,0.0000E+00
54557.0000,NaN,0.0000E+00,-1.3878E-11,-4.3192E-10,-6.2786E-09,-1.7621E-10,-1.1758E-09,-3.0012E-10,-2.9688E-09,0.0000E+00
54558.0000,NaN,0.0000E+00,-1.0585E-10,-1.8891E-09,-1.6904E-10,-1.0445E-08,-2.0493E-09,-1.7271E-09,-1.8198E-09,0.0000E+00
54559.0000,NaN,0.0000E+00,-3.8929E-10,-1.4913E-10,-1.5267E-09,-2.6069E-11,-6.1802E-10,-5.4984E-09,-1.0131E-08,0.0000E+00
54560.0000,NaN,0.0000E+00,-8.1695E-10,-7.7137E-10,-3.1228E-10,-7.5528E-10,-3.1394E-09,-4.7541E-09,-3.9417E-09,0.0000E+00
54561.0000,NaN,0.0000E+00,-6.2780E-10,-3.0801E-10,-3.3247E-10,-7.1398E-10,-5.0873E-10,-1.2589E-09,-7.5201E-09,0.0000E+00
54562.0000,NaN,0.0000E+00,-9.8464E-10,-2.9180E-10,-2.2585E-10,-5.6554E-10,-7.5715E-10,-7.3485E-10,-9.0399E-09,0.0000E+00
54563.0000,NaN,0.0000E+00,-9.3333E-10,-8.3413E-10,-5.4729E-10,-6.7027E-10,-1.3166E-09,-1.5541E-08,-3.7173E-08,0.0000E+00
54564.0000,NaN,0.0000E+00,-1.2100E-09,-1.3783E-09,-5.6969E-10,-9.8484E-10,-4.4836E-09,-3.0826E-08,-2.2179E-08,0.0000E+00
54565.0000,NaN,0.0000E+00,-1.2751E-09,-2.6290E-09,-2.9031E-09,-2.9363E-09,-1.2926E-08,-1.4700E-08,3.0040E-08,0.0000E+00
54566.0000,NaN,0.0000E+00,-2.4824E-09,-2.9665E-09,-2.1900E-09,-5.5397E-10,-5.4077E-10,-1.2784E-08,2.2263E-08,0.0000E+00
54567.0000,NaN,0.0000E+00,-9.3098E-10,-2.0795E-09,-2.7879E-09,-3.3077E-09,-7.3476E-09,-3.0856E-09,4.2666E-09,0.0000E+00
54568.0000,NaN,0.0000E+00,-9.2757E-10,-1.6718E-09,-2.2988E-09,-3.1480E-09,-8.0632E-09,-4.2377E-09,1.0375E-08,0.0000E+00
54569.0000,NaN,0.0000E+00,-1.3334E-09,-3.2335E-09,-3.5244E-09,-4.0812E-09,-9.5953E-10,-2.7821E-09,3.7908E-08,0.0000E+00
54570.0000,NaN,0.0000E+00,-3.1226E-10,-2.6026E-10,-4.7332E-10,-5.2742E-09,-1.4567E-08,-2.6719E-09,1.5238E-08,0.0000E+00
54571.0000,NaN,0.0000E+00,-1.5532E-09,-1.6840E-08,-2.9509E-08,-1.3371E-08,-3.3621E-08,-2.2697E-09,2.0298E-09,0.0000E+00
54572.0000,NaN,0.0000E+00,-1.8086E-09,-4.5763E-11,-3.0671E-10,-3.1535E-08,-3.7579E-09,-1.6955E-08,-1.5714E-08,0.0000E+00
54573.0000,NaN,0.0000E+00,-4.8510E-10,-5.7779E-08,-6.1090E-08,-5.9771E-10,-9.2234E-09,-5.8913E-09,-6.6516E-10,0.0000E+00
54574.0000,NaN,0.0000E+00,-4.1265E-09,-4.5030E-11,-4.3743E-11,-1.5830E-08,-7.0198E-08,-6.8887E-08,3.2235E-09,0.0000E+00
54575.0000,NaN,0.0000E+00,-6.8721E-11,-7.5666E-09,-1.7838E-08,-4.6200E-08,-3.0626E-08,-1.2657E-09,1.2266E-09,0.0000E+00
54576.0000,NaN,0.0000E+00,-4.6236E-08,-1.7589E-08,-5.5927E-08,-2.7490E-08,-1.5620E-08,-6.1104E-08,-5.7074E-09,0.0000E+00
54577.0000,NaN,0.0000E+00,-5.4345E-09,-8.0375E-08,-7.2809E-10,-4.9615E-10,-9.9166E-10,-1.9127E-10,6.2870E-09,0.0000E+00
54578.0000,NaN,0.0000E+00,-1.0555E-08,-1.6623E-09,-3.1084E-08,-9.4608E-09,-7.9984E-09,-3.3792E-07,7.5570E-09,0.0000E+00
54579.0000,NaN,0.0000E+00,-3.0169E-10,-4.3359E-08,-1.3529E-09,-5.4383E-09,-5.3554E-09,4.3267E-12,7.9498E-09,0.0000E+00
54580.0000,NaN,0.0000E+00,-5.3486E-09,-5.2467E-10,-8.2683E-09,-6.4150E-09,-1.9395E-09,1.9597E-08,3.4681E-08,0.0000E+00
54581.0000,NaN,0.0000E+00,-8.4517E-10,-4.3334E-08,-3.7896E-09,-8.6774E-09,-8.8818E-10,7.9343E-09,2.8390E-08,0.0000E+00
54582.0000,NaN,0.0000E+00,-1.6221E-08,-1.8436E-09,-1.6284E-08,-9.0279E-09,-2.6995E-08,-2.5897E-09,2.3179E-09,0.0000E+00
54583.0000,NaN,0.0000E+00,-1.1068E-09,-6.3623E-08,-5.1196E-09,-5.1341E-08,-5.4707E-09,1.6816E-08,5.4673E-09,0.0000E+00
54584.0000,NaN,0.0000E+00,-1.1130E-08,-1.6040E-09,-3.2685E-08,-2.8069E-08,7.8824E-09,1.5954E-07,8.0740E-07,0.0000E+00
54585.0000,NaN,0.0000E+00,-6.0707E-10,-2.0645E-08,-8.9866E-10,-1.7800E-08,1.1550E-08,2.0341E-07,5.7256E-08,0.0000E+00
54586.0000,NaN,0.0000E+00,-4.1591E-10,-2.5843E-11,-3.2294E-09,-2.4445E-09,2.6780E-09,1.0823E-11,1.1350E-11,0.0000E+00
54587.0000,NaN,0.0000E+00,-5.1976E-10,-7.3998E-09,-6.2723E-10,-1.7524E-08,-1.1999E-09,-2.2955E-10,1.5644E-09,0.0000E+00
54588.0000,NaN,0.0000E+00,-4.9610E-09,-1.4900E-09,-2.6642E-08,-3.3771E-09,-1.5935E-09,-7.5664E-09,-1.5296E-09,0.0000E+00
54589.0000,NaN,0.0000E+00,-2.1405E-09,-1.4050E-08,-3.6192E-10,-5.0436E-09,-4.3171E-09,-1.6812E-08,-1.4150E-08,0.0000E+00
54590.0000,NaN,0.0000E+00,-1.7164E-09,-8.8380E-10,-5.9910E-08,-7.6762E-09,-1.0521E-07,3.3555E-08,3.2217E-07,0.0000E+00
54591.0000,NaN,0.0000E+00,-9.6737E-09,-9.5285E-08,-5.7963E-09,-3.3019E-07,-1.7348E-08,4.1541E-08,4.0045E-08,0.0000E+00
54592.0000,NaN,0.0000E+00,-1.6031E-08,-8.3834E-09,-9.2202E-08,-2.5250E-09,-3.8252E-09,1.6291E-10,1.4779E-09,0.0000E+00
54593.0000,NaN,0.0000E+00,-4.0982E-12,-2.7477E-11,-5.6965E-11,-6.3083E-08,-1.1900E-08,-2.1990E-08,-1.6443E-08,0.0000E+00
54594.0000,NaN,0.0000E+00,-3.4903E-11,-5.7597E-11,-3.4389E-10,-3.0343E-10,-1.5242E-08,-3.5816E-08,-1.1315E-08,0.0000E+00
54595.0000,NaN,0.0000E+00,-3.0065E-11,-5.5677E-11,-2.8564E-10,-1.2223E-08,-1.9578E-09,-1.7843E-09,-4.8980E-09,0.0000E+00
54596.0000,NaN,0.0000E+00,-3.2204E-11,-6.3857E-11,-6.5431E-10,-1.8247E-09,-3.4152E-08,-6.4882E-08,1.3245E-08,0.0000E+00
54597.0000,NaN,0.0000E+00,-3.6388E-11,-8.9865E-11,-1.6904E-09,-1.7389E-08,-1.8071E-09,-2.1686E-12,3.7987E-08,0.0000E+00
54598.0000,NaN,0.0000E+00,-4.3684E-11,-1.5688E-10,-4.2755E-09,-6.5044E-09,-2.5940E-08,2.0767E-09,2.1122E-08,0.0000E+00
54599.0000,NaN,0.0000E+00,-5.6068E-11,-3.4076E-10,-3.8096E-09,-1.5907E-08,-6.0253E-09,-2.4565E-09,-5.4547E-10,0.0000E+00
54600.0000,NaN,0.0000E+00,-8.2023E-11,-6.7087E-10,-1.9219E-09,-1.0462E-08,-2.8347E-08,-2.3840E-08,1.4398E-08,0.0000E+00
54601.0000,NaN,0.0000E+00,-1.4612E-10,-1.7486E-09,-4.1792E-09,-3.6503E-09,-1.1398E-08,-3.2177E-10,2.3462E-08,0.0000E+00
54602.0000,NaN,0.0000E+00,-3.4609E-10,-1.0459E-09,-4.8668E-10,-6.2514E-09,3.4354E-08,2.1785E-07,2.5496E-08,0.0000E+00
54603.0000,NaN,0.0000E+00,-9.6275E-10,-6.1849E-09,-4.9202E-09,-2.2994E-09,-3.9617E-08,-9.5574E-09,1.0848E-08,0.0000E+00
54604.0000,NaN,0.0000E+00,-4.3196E-09,-8.4681E-10,-4.0562E-10,-1.3602E-08,-4.7221E-10,-2.6032E-10,6.3815E-09,0.0000E+00
54605.0000,NaN,0.0000E+00,-5.9687E-09,-4.5286E-09,-2.9822E-09,-1.1285E-08,-3.2875E-07,-1.0879E-07,-7.9895E-09,0.0000E+00
54606.0000,NaN,0.0000E+00,-1.0253E-08,-9.2935E-09,-1.4174E-08,-5.8859E-08,-7.7021E-11,-1.0283E-10,1.0438E-09,0.0000E+00
54607.0000,NaN,0.0000E+00,-1.5212E-08,-3.5568E-08,-3.0417E-08,-5.1112E-10,1.7965E-08,4.7790E-07,4.9396E-07,0.0000E+00
54608.0000,NaN,0.0000E+00,-3.2688E-08,-4.3224E-08,-2.4432E-08,-4.0069E-09,3.4861E-08,1.7258E-07,2.2207E-07,0.0000E+00
54609.0000,NaN,0.0000E+00,-8.7582E-09,-1.3480E-08,-1.4793E-08,-2.2748E-09,1.0993E-08,1.5122E-09,1.9069E-09,0.0000E+00
54610.0000,NaN,0.0000E+00,3.0132E-09,8.3850E-09,3.6200E-08,4.2257E-07,6.3662E-08,8.8183E-09,1.6234E-08,0.0000E+00
54611.0000,NaN,0.0000E+00,-2.3502E-09,-4.0341E-09,-3.0981E-09,-1.2435E-08,-1.6844E-08,-1.4210E-08,3.9335E-08,0.0000E+00
54612.0000,NaN,0.0000E+00,-1.8645E-10,-8.4143E-10,-3.8736E-09,-5.3028E-11,-1.6605E-10,-9.6753E-10,1.4864E-09,0.0000E+00
54613.0000,NaN,0.0000E+00,1.5690E-10,1.8411E-10,1.0227E-09,2.2392E-08,1.7456E-07,2.1131E-07,3.1704E-08,0.0000E+00
54614.0000,NaN,0.0000E+00,-1.0929E-09,-6.7329E-09,-1.3468E-08,-1.6630E-08,-4.3076E-08,-4.8487E-08,1.5298E-08,0.0000E+00
54615.0000,NaN,0.0000E+00,2.3674E-09,1.4653E-09,9.5511E-10,1.1143E-09,1.1099E-10,1.0650E-10,9.5973E-10,0.0000E+00
54616.0000,NaN,0.0000E+00,-3.0715E-09,-5.3898E-09,-1.2270E-08,-1.3252E-08,-3.5027E-08,-3.7649E-08,6.9381E-09,0.0000E+00
54617.0000,NaN,0.0000E+00,1.4871E-08,3.4254E-08,2.2775E-08,5.6970E-08,3.9740E-08,3.7250E-08,1.3434E-07,0.0000E+00
54618.0000,NaN,0.0000E+00,5.8183E-08,1.6338E-07,7.3297E-07,3.4964E-07,3.5937E-07,3.1627E-07,3.0283E-07,0.0000E+00
54619.0000,NaN,0.0000E+00,2.6871E-10,1.7867E-10,2.0785E-10,5.6992E-10,2.0199E-09,5.1112E-09,1.9041E-09,0.0000E+00
54620.0000,NaN,0.0000E+00,-3.1118E-11,-3.4233E-11,-2.8565E-12,1.8601E-12,9.5346E-11,4.4738E-10,3.6013E-09,0.0000E+00
54621.0000,NaN,0.0000E+00,1.6403E-09,5.3137E-09,2.1467E-08,2.5818E-08,3.0638E-08,6.4963E-08,1.5290E-07,0.0000E+00
54622.0000,NaN,0.0000E+00,2.6143E-08,4.7495E-08,6.6907E-08,1.7949E-07,3.2258E-07,2.9598E-07,2.2297E-07,0.0000E+00
54623.0000,NaN,0.0000E+00,6.3786E-09,7.6987E-09,5.1580E-09,1.7038E-08,1.2890E-08,1.0025E-08,1.2638E-08,0.0000E+00
54624.0000,NaN,0.0000E+00,-6.6012E-10,-2.2626E-09,-9.5380E-09,-1.4020E-09,-3.8204E-10,-3.2984E-10,5.9344E-10,0.0000E+00
54625.0000,NaN,0.0000E+00,3.2945E-10,3.3203E-10,3.8901E-10,5.3522E-10,1.6340E-09,5.3482E-09,1.5909E-08,0.0000E+00
54626.0000,NaN,0.0000E+00,-1.6007E-09,-4.4248E-09,-6.8690E-09,-8.5876E-09,-5.4091E-09,-4.4130E-10,4.6560E-08,0.0000E+00
54627.0000,NaN,0.0000E+00,3.3599E-10,1.1642E-10,6.9197E-11,3.9377E-10,6.8906E-09,2.4133E-08,6.3754E-08,0.0000E+00
54628.0000,NaN,0.0000E+00,5.2421E-10,4.2983E-09,9.1507E-08,3.0693E-07,1.9626E-07,2.3939E-07,5.7670E-08,0.0000E+00
54629.0000,NaN,0.0000E+00,-1.0133E-08,-1.4941E-08,-8.0708E-08,-1.1713E-07,-5.7703E-08,-1.5585E-08,-1.6252E-09,0.0000E+00
54630.0000,NaN,0.0000E+00,-9.0325E-09,-3.4385E-09,-3.9040E-12,-4.3166E-13,-6.1303E-13,-1.5098E-12,1.1886E-10,0.0000E+00
54631.0000,NaN,0.0000E+00,-3.2012E-11,-1.2889E-10,-3.7648E-11,-7.3523E-12,-8.8153E-12,2.1964E-09,5.0174E-07,0.0000E+00
54632.0000,NaN,0.0000E+00,-1.1326E-11,-1.7723E-11,-8.5422E-11,-4.5914E-11,1.0512E-10,4.2999E-08,8.8805E-08,0.0000E+00
54633.0000,NaN,0.0000E+00,-8.2754E-11,-1.3676E-10,-8.6439E-11,-3.0574E-11,1.8514E-09,4.4557E-09,3.3237E-10,0.0000E+00
54634.0000,NaN,0.0000E+00,-1.1813E-10,-1.7674E-10,-2.3723E-10,-3.6486E-10,4.8400E-10,8.6812E-09,2.1449E-08,0.0000E+00
54635.0000,NaN,0.0000E+00,-4.4315E-10,-5.8928E-10,-5.9440E-10,-8.5470E-11,4.0829E-09,4.3199E-09,8.0973E-09,0.0000E+00
54636.0000,NaN,0.0000E+00,-2.5282E-10,-3.8481E-10,-5.6652E-10,-2.3901E-10,1.0426E-08,3.4952E-09,1.6682E-08,0.0000E+00
54637.0000,NaN,0.0000E+00,-2.1317E-10,-3.5701E-10,-5.0631E-10,6.5398E-10,6.2703E-09,1.8467E-08,3.7857E-08,0.0000E+00
54638.0000,NaN,0.0000E+00,4.1060E-10,7.1978E-10,1.7094E-09,3.1287E-09,9.4228E-08,2.3827E-07,1.7594E-07,0.0000E+00
54639.0000,NaN,0.0000E+00,2.1978E-09,1.9297E-08,1.5878E-08,1.5916E-06,1.9063E-07,7.1626E-08,4.8425E-08,0.0000E+00
54640.0000,NaN,0.0000E+00,1.6461E-08,3.4176E-08,3.2589E-07,3.6187E-07,1.5160E-08,3.6619E-10,8.6113E-10,0.0000E+00
54641.0000,NaN,0.0000E+00,-1.8472E-09,-6.7672E-10,-1.3395E-08,-2.6691E-09,-1.4391E-09,-2.9815E-09,-2.8189E-09,0.0000E+00
54642.0000,NaN,0.0000E+00,-4.0806E-13,-8.9391E-13,-2.7554E-13,-9.1018E-11,-2.5347E-09,-9.6577E-09,1.7684E-08,0.0000E+00
54643.0000,NaN,0.0000E+00,-7.9993E-13,-2.5278E-12,-1.2956E-11,-6.2322E-09,-5.4020E-09,2.4173E-10,4.8395E-08,0.0000E+00
54644.0000,NaN,0.0000E+00,-8.8536E-13,-4.2078E-12,2.6471E-10,1.0713E-08,2.7058E-08,1.3786E-07,2.4467E-08,0.0000E+00
54645.0000,NaN,0.0000E+00,-1.4113E-11,4.9595E-11,1.9781E-09,1.4983E-10,-2.0223E-08,-6.9403E-09,1.1035E-09,0.0000E+00
54646.0000,NaN,0.0000E+00,1.2083E-11,3.9097E-11,5.6079E-10,1.8377E-08,2.9281E-10,5.8554E-10,5.3336E-08,0.0000E+00
54647.0000,NaN,0.0000E+00,1.2654E-10,9.6817E-10,2.8069E-09,-4.5710E-08,-5.5569E-08,-4.3493E-08,-3.5308E-08,0.0000E+00
54648.0000,NaN,0.0000E+00,4.3966E-11,-6.2292E-10,-8.1062E-09,-1.5677E-10,-4.3841E-10,-9.9724E-10,-1.8611E-11,0.0000E+00
54649.0000,NaN,0.0000E+00,-8.1311E-10,-2.3607E-09,-1.6018E-09,-2.1645E-09,-1.0830E-08,-2.9700E-09,1.5243E-07,0.0000E+00
54650.0000,NaN,0.0000E+00,-2.7648E-09,-4.3260E-11,-3.6154E-10,-1.1942E-08,4.3068E-09,1.2218E-08,3.8899E-08,0.0000E+00
54651.0000,NaN,0.0000E+00,-1.5649E-09,6.7596E-09,5.9172E-08,6.8220E-09,3.6595E-08,6.5848E-08,1.2269E-08,0.0000E+00
54652.0000,NaN,0.0000E+00,5.3421E-08,2.1789E-07,1.3268E-07,1.2677E-07,1.3814E-07,9.5373E-08,1.0551E-07,0.0000E+00
54653.0000,NaN,0.0000E+00,4.7205E-09,3.6184E-08,2.2754E-08,5.2828E-08,2.1446E-08,1.1610E-08,6.7444E-08,0.0000E+00
54654.0000,NaN,0.0000E+00,-1.4893E-09,-5.1930E-10,-1.1314E-09,-6.9322E-10,-2.7855E-10,-1.7679E-10,8.8821E-10,0.0000E+00
54655.0000,NaN,0.0000E+00,1.4270E-08,2.7762E-08,1.1179E-08,4.2352E-09,9.9168E-09,1.8133E-08,1.4606E-08,0.0000E+00
54656.0000,NaN,0.0000E+00,4.8154E-10,9.1099E-10,3.9725E-09,1.0012E-08,9.3268E-09,1.6208E-08,4.2192E-08,0.0000E+00
54657.0000,NaN,0.0000E+00,5.2658E-11,9.5032E-11,7.9662E-10,1.0533E-08,4.3168E-08,7.0540E-08,1.6685E-07,0.0000E+00
54658.0000,NaN,0.0000E+00,3.1467E-10,1.2069E-08,2.8103E-08,6.7408E-08,1.2751E-07,9.6482E-08,4.2969E-08,0.0000E+00
54659.0000,NaN,0.0000E+00,4.6539E-09,5.4137E-09,1.4018E-08,4.1583E-09,9.9192E-10,3.8603E-10,2.8212E-10,0.0000E+00
54660.0000,NaN,0.0000E+00,3.3615E-09,2.8795E-09,2.5047E-09,2.1364E-10,1.8856E-10,9.8277E-10,4.9490E-09,0.0000E+00
54661.0000,NaN,0.0000E+00,2.0618E-09,7.8507E-10,2.4856E-10,5.7143E-10,5.3723E-09,2.9676E-08,9.3971E-08,0.0000E+00
54662.0000,NaN,0.0000E+00,4.6855E-09,2.5330E-08,2.5488E-08,2.8919E-07,6.1489E-07,3.6409E-07,2.1089E-07,0.0000E+00
54663.0000,NaN,0.0000E+00,8.3072E-08,2.3926E-07,6.2482E-07,4.5058E-07,1.5085E-07,6.9242E-08,3.3020E-08,0.0000E+00
54664.0000,NaN,0.0000E+00,3.3676E-08,2.2726E-08,6.2762E-09,5.8707E-09,1.3859E-09,1.7623E-09,5.6481E-09,0.0000E+00
54665.0000,NaN,0.0000E+00,-2.2959E-12,-2.3512E-13,-2.4761E-13,-2.3352E-13,3.7302E-11,8.5140E-10,1.0386E-08,0.0000E+00
54666.0000,NaN,0.0000E+00,-7.7156E-11,-3.9834E-11,-3.8213E-11,-1.4743E-10,7.3468E-11,2.4775E-09,5.9351E-09,0.0000E+00
54667.0000,NaN,0.0000E+00,-1.2126E-11,-3.4474E-11,5.8239E-11,1.7594E-09,3.6282E-09,1.1167E-08,1.9087E-08,0.0000E+00
54668.0000,NaN,0.0000E+00,-1.2960E-11,3.4504E-11,3.6169E-10,8.8569E-10,3.7771E-09,1.8443E-08,4.3707E-08,0.0000E+00
54669.0000,NaN,0.0000E+00,2.6561E-11,3.6969E-11,4.2204E-11,-6.1683E-10,-2.3026E-09,-1.4098E-10,6.9423E-09,0.0000E+00
54670.0000,NaN,0.0000E+00,-4.1428E-11,-1.3783E-10,-8.3186E-10,-1.1059E-08,-2.0045E-09,-1.7720E-10,1.2001E-10,0.0000E+00
54671.0000,NaN,0.0000E+00,-2.9545E-09,-5.3167E-09,-2.0996E-08,-1.1698E-09,4.3469E-09,3.2482E-08,8.8726E-08,0.0000E+00
54672.0000,NaN,0.0000E+00,-5.8114E-10,-8.7808E-10,-1.5502E-10,7.7005E-10,8.2321E-10,2.5416E-09,1.0445E-08,0.0000E+00
54673.0000,NaN,0.0000E+00,6.1585E-11,1.9709E-09,7.4789E-09,8.0705E-09,7.1886E-09,2.0052E-09,1.3631E-09,0.0000E+00
54674.0000,NaN,0.0000E+00,1.0863E-09,3.1255E-09,7.4275E-09,2.0520E-08,2.9770E-08,5.2648E-08,9.3094E-08,0.0000E+00
54675.0000,NaN,0.0000E+00,5.0317E-09,2.9798E-09,3.9874E-09,3.3789E-09,4.8870E-09,1.7066E-08,2.3591E-08,0.0000E+00
54676.0000,NaN,0.0000E+00,-2.9561E-10,-2.2243E-09,-4.2978E-09,-2.2839E-09,-1.1125E-09,-3.2612E-10,2.4717E-10,0.0000E+00
54677.0000,NaN,0.0000E+00,-2.1248E-10,-3.4176E-11,-3.1798E-11,-9.3600E-11,-2.0272E-10,2.6816E-10,4.4339E-09,0.0000E+00
54678.0000,NaN,0.0000E+00,7.3214E-09,4.4322E-08,1.0390E-07,1.2434E-07,1.3544E-07,1.7265E-07,2.3164E-07,0.0000E+00
54679.0000,NaN,0.0000E+00,7.3673E-08,2.9537E-08,1.1273E-08,6.9352E-09,4.8844E-09,4.2065E-09,4.2662E-09,0.0000E+00
54680.0000,NaN,0.0000E+00,1.3712E-10,3.9013E-10,1.0942E-09,2.9599E-10,1.2966E-11,3.6497E-12,2.1365E-11,0.0000E+00
54681.0000,NaN,0.0000E+00,-1.0003E-11,-5.2106E-12,-1.7201E-11,-1.9280E-10,-2.2269E-10,-1.3935E-10,4.1668E-08,0.0000E+00
54682.0000,NaN,0.0000E+00,-2.5426E-11,-6.4008E-11,-7.3950E-11,-7.3097E-11,-4.4121E-10,1.7692E-08,6.6597E-08,0.0000E+00
54683.0000,NaN,0.0000E+00,-1.5818E-11,-6.9171E-11,-4.1043E-11,2.6887E-09,1.9823E-08,1.6971E-08,3.9816E-09,0.0000E+00
54684.0000,NaN,0.0000E+00,5.2688E-10,3.3639E-09,2.4439E-08,4.5554E-08,1.2179E-08,1.2784E-09,4.3317E-08,0.0000E+00
54685.0000,NaN,0.0000E+00,6.0407E-09,1.4483E-08,4.8183E-08,3.8267E-08,1.8004E-08,1.1457E-06,9.9846E-08,0.0000E+00
54686.0000,NaN,0.0000E+00,5.4329E-08,5.5991E-08,3.7865E-08,1.6518E-08,7.4149E-08,7.1286E-08,6.3502E-09,0.0000E+00
54687.0000,NaN,0.0000E+00,1.7617E-08,4.7583E-09,1.4597E-10,1.0673E-10,1.0587E-09,6.1891E-11,1.3743E-09,0.0000E+00
54688.0000,NaN,0.0000E+00,5.7248E-10,3.3111E-09,9.2013E-09,5.1964E-09,2.9844E-09,1.9883E-08,1.3977E-08,0.0000E+00
54689.0000,NaN,0.0000E+00,5.0746E-09,3.9762E-09,9.8098E-09,9.7651E-08,1.0022E-07,7.5637E-08,5.2521E-08,0.0000E+00
54690.0000,NaN,0.0000E+00,4.9028E-09,1.1859E-08,9.9010E-09,8.9971E-09,1.3823E-08,1.1569E-08,1.3026E-08,0.0000E+00
54691.0000,NaN,0.0000E+00,4.0200E-10,2.1141E-10,2.5124E-10,7.6219E-11,3.3461E-11,8.2381E-11,3.0581E-10,0.0000E+00
54692.0000,NaN,0.0000E+00,1.5337E-10,2.2218E-10,2.9155E-10,5.8684E-10,1.9783E-09,1.6217E-08,7.3489E-08,0.0000E+00
54693.0000,NaN,0.0000E+00,1.8661E-10,4.2610E-10,9.5897E-10,4.8610E-09,1.7018E-08,8.0227E-09,1.9738E-08,0.0000E+00
54694.0000,NaN,0.0000E+00,1.4745E-09,2.9583E-09,9.6508E-09,1.7404E-08,9.2738E-09,8.6099E-09,2.1689E-09,0.0000E+00
54695.0000,NaN,0.0000E+00,2.5379E-09,3.5641E-09,5.9077E-09,1.0445E-08,1.2340E-08,2.7535E-08,5.9472E-08,0.0000E+00
54696.0000,NaN,0.0000E+00,3.7112E-09,2.5272E-08,4.9385E-08,2.8247E-08,3.6822E-08,1.9836E-08,1.8671E-08,0.0000E+00
54697.0000,NaN,0.0000E+00,4.0670E-08,1.1443E-08,6.5215E-09,6.5674E-09,6.1720E-09,4.3315E-09,1.3920E-09,0.0000E+00
54698.0000,NaN,0.0000E+00,3.5342E-11,2.0733E-10,2.0150E-10,1.8140E-10,1.2782E-10,1.1406E-10,2.9743E-10,0.0000E+00
54699.0000,NaN,0.0000E+00,-4.1764E-13,-2.6093E-13,-3.0509E-12,-2.6585E-11,-1.0029E-10,-5.1874E-11,1.0337E-09,0.0000E+00
54700.0000,NaN,0.0000E+00,-1.1729E-10,-1.5113E-09,-5.4834E-09,-7.4668E-09,-6.6122E-09,-4.3912E-09,-3.2575E-09,0.0000E+00
54701.0000,NaN,0.0000E+00,-1.0705E-09,-3.0920E-10,-4.2922E-11,-2.3396E-12,-3.3633E-13,2.4747E-13,8.1826E-13,0.0000E+00
54702.0000,NaN,0.0000E+00,-8.8017E-10,-3.9813E-10,-2.1633E-10,-5.9472E-11,-8.4811E-12,-5.2967E-12,2.7388E-10,0.0000E+00
54703.0000,NaN,0.0000E+00,-7.6707E-11,-3.2810E-10,-7.2657E-10,-1.0667E-09,-9.8837E-11,-2.4426E-11,1.6907E-09,0.0000E+00
54704.0000,NaN,0.0000E+00,-1.7336E-10,-1.2943E-10,-1.1856E-10,-4.1345E-10,-4.3415E-09,8.6150E-12,2.5800E-09,0.0000E+00
54705.0000,NaN,0.0000E+00,-2.8068E-10,-1.0349E-09,-1.7427E-09,-1.5055E-09,-1.2587E-09,8.4268E-09,5.8568E-09,0.0000E+00
54706.0000,NaN,0.0000E+00,1.0281E-09,1.1489E-09,1.0288E-09,3.3749E-09,9.8311E-09,1.3314E-08,5.0886E-09,0.0000E+00
54707.0000,NaN,0.0000E+00,1.4208E-09,4.3387E-09,6.8403E-09,6.2535E-09,4.0923E-09,4.3073E-09,4.0402E-08,0.0000E+00
54708.0000,NaN,0.0000E+00,1.0919E-09,1.3599E-09,1.9832E-09,6.2676E-09,1.8359E-08,3.4918E-08,1.5138E-08,0.0000E+00
54709.0000,NaN,0.0000E+00,9.1518E-10,1.7729E-09,2.2816E-09,2.0652E-09,1.4906E-09,9.2304E-10,9.8211E-10,0.0000E+00
54710.0000,NaN,0.0000E+00,5.1327E-11,6.7081E-11,9.1696E-11,1.6585E-10,2.4329E-10,3.4970E-11,1.2622E-09,0.0000E+00
54711.0000,NaN,0.0000E+00,2.1864E-11,3.4428E-11,5.7515E-11,1.1029E-10,5.4914E-10,8.4365E-08,-1.5056E-09,0.0000E+00
54712.0000,NaN,0.0000E+00,1.1936E-10,2.5307E-10,5.5108E-10,1.0730E-09,9.8852E-10,6.2502E-11,1.2010E-10,0.0000E+00
54713.0000,NaN,0.0000E+00,-2.1387E-11,-2.3636E-11,-1.5860E-11,-7.3380E-12,-7.1329E-12,-1.3058E-11,-3.3357E-11,0.0000E+00
54714.0000,NaN,0.0000E+00,-1.2413E-10,-2.7346E-10,-3.3230E-10,-7.3819E-11,-2.1910E-10,-1.0309E-09,-4.0295E-09,0.0000E+00
54715.0000,NaN,0.0000E+00,-1.6877E-10,-2.6400E-10,-8.8190E-10,-4.7193E-08,-2.3769E-08,-3.8872E-09,-1.3869E-09,0.0000E+00
54716.0000,NaN,0.0000E+00,-5.0592E-09,-1.0877E-08,-1.1915E-08,-8.9178E-10,-1.5338E-09,-1.2157E-08,-5.0183E-08,0.0000E+00
54717.0000,NaN,0.0000E+00,-8.9901E-10,-7.2623E-10,-6.8624E-10,-1.6437E-08,-9.0373E-09,-2.0257E-10,-8.6898E-11,0.0000E+00
54718.0000,NaN,0.0000E+00,-2.7680E-10,-7.4150E-10,-9.0651E-10,-4.2197E-11,-5.1413E-11,-1.1151E-08,-9.2428E-08,0.0000E+00
54719.0000,NaN,0.0000E+00,-3.9608E-11,-4.4918E-11,-9.6144E-11,-1.7768E-09,-1.1276E-07,-5.6955E-09,-3.6397E-10,0.0000E+00
54720.0000,NaN,0.0000E+00,-1.8542E-09,-5.8805E-09,-2.3400E-08,-2.5056E-08,-1.9537E-11,-9.5364E-10,-2.4299E-08,0.0000E+00
54721.0000,NaN,0.0000E+00,-1.1543E-09,-6.2209E-10,-3.4264E-11,-2.6679E-11,-1.6537E-09,-1.5128E-09,-1.4734E-10,0.0000E+00
54722.0000,NaN,0.0000E+00,-4.3642E-11,-1.8626E-10,-1.4644E-09,-1.1965E-09,-3.9568E-10,-1.7073E-10,-6.5312E-09,0.0000E+00
54723.0000,NaN,0.0000E+00,-3.7732E-10,-3.6529E-10,-3.3418E-10,-2.3861E-09,-1.4534E-08,-5.3096E-08,-2.1287E-09,0.0000E+00
54724.0000,NaN,0.0000E+00,-6.1906E-10,-1.6626E-09,-4.3777E-09,-1.9168E-09,-7.8361E-10,6.0073E-12,2.3562E-09,0.0000E+00
54725.0000,NaN,0.0000E+00,1.4569E-11,8.7756E-12,1.0856E-11,5.2556E-11,1.9944E-10,3.7008E-09,7.0764E-10,0.0000E+00
54726.0000,NaN,0.0000E+00,-3.5280E-11,-2.9568E-11,-2.3666E-11,-8.0750E-11,-1.9363E-09,-5.3336E-10,-2.5485E-09,0.0000E+00
54727.0000,NaN,0.0000E+00,-1.2929E-11,-4.1740E-11,-3.9453E-10,-6.4093E-09,-1.7661E-09,-9.2609E-09,-4.2656E-09,0.0000E+00
54728.0000,NaN,0.0000E+00,-3.6348E-10,-1.8037E-09,-4.1102E-09,-4.1743E-10,-7.9705E-10,-1.3141E-10,-2.9369E-10,0.0000E+00
54729.0000,NaN,0.0000E+00,-3.3713E-09,-7.9374E-10,-9.3739E-11,-2.0771E-09,-3.5531E-09,-2.4857E-08,-2.7993E-08,0.0000E+00
54730.0000,NaN,0.0000E+00,-4.3835E-10,-2.0435E-09,-1.6358E-08,-4.6422E-09,-3.3873E-09,-4.0957E-10,-5.4077E-10,0.0000E+00
54731.0000,NaN,0.0000E+00,-3.1525E-10,-3.9084E-10,-1.9719E-11,8.6800E-12,2.1326E-11,7.4733E-11,3.0409E-11,0.0000E+00
54732.0000,NaN,0.0000E+00,-1.0719E-11,-8.5617E-12,4.9869E-11,5.0355E-11,1.5851E-11,2.9864E-11,5.3902E-11,0.0000E+00
54733.0000,NaN,0.0000E+00,1.7061E-11,4.6067E-11,4.8130E-11,2.2826E-10,1.3480E-10,1.3154E-10,4.3167E-10,0.0000E+00
54734.0000,NaN,0.0000E+00,8.2379E-11,1.3980E-10,3.5024E-10,4.7895E-10,6.7442E-09,2.3533E-09,5.1930E-09,0.0000E+00
54735.0000,NaN,0.0000E+00,6.1492E-10,1.3806E-09,1.6483E-09,3.2944E-09,8.8480E-09,5.9655E-08,2.7847E-08,0.0000E+00
54736.0000,NaN,0.0000E+00,5.1140E-10,1.0830E-09,2.4360E-09,7.8390E-09,6.7954E-09,1.4400E-08,3.5588E-09,0.0000E+00
54737.0000,NaN,0.0000E+00,-8.8744E-11,-1.1254E-10,-2.6073E-10,-7.5708E-11,-9.3464E-12,-3.0172E-12,-2.9847E-12,0.0000E+00
54738.0000,NaN,0.0000E+00,-1.3092E-11,-1.7498E-11,-1.8812E-11,-3.7240E-12,-1.1405E-12,-9.5742E-13,-1.9879E-12,0.0000E+00
54739.0000,NaN,0.0000E+00,-1.6686E-12,-5.0890E-13,1.2986E-12,6.9075E-12,1.4598E-12,8.4585E-13,-2.0724E-12,0.0000E+00
54740.0000,NaN,0.0000E+00,-6.0477E-13,2.8955E-12,8.4732E-12,1.1211E-11,1.8227E-11,3.0997E-12,-1.7537E-12,0.0000E+00
54741.0000,NaN,0.0000E+00,3.6646E-12,1.1630E-11,2.0624E-11,3.5753E-11,5.6723E-11,1.5624E-11,-1.1681E-12,0.0000E+00
54742.0000,NaN,0.0000E+00,1.5409E-11,3.2377E-11,5.5287E-11,7.5487E-11,9.9170E-11,1.6947E-10,2.6969E-12,0.0000E+00
54743.0000,NaN,0.0000E+00,3.8598E-11,6.9484E-11,1.0947E-10,2.0074E-10,2.5641E-10,8.8231E-10,1.3845E-10,0.0000E+00
54744.0000,NaN,0.0000E+00,7.2044E-11,1.1973E-10,1.8609E-10,3.9311E-10,5.7585E-10,6.2299E-10,7.4147E-10,0.0000E+00
54745.0000,NaN,0.0000E+00,4.3104E-11,6.7641E-11,9.2299E-11,1.6672E-10,2.8393E-10,1.1441E-10,1.1654E-10,0.0000E+00
54746.0000,NaN,0.0000E+00,9.6178E-12,1.8393E-11,2.4816E-11,1.8085E-11,2.8110E-11,2.1942E-11,-1.3840E-11,0.0000E+00
54747.0000,NaN,0.0000E+00,2.6958E-12,7.7296E-12,1.5020E-11,2.1585E-11,1.7640E-11,4.9447E-12,-4.7395E-11,0.0000E+00
54748.0000,NaN,0.0000E+00,3.3317E-12,9.6822E-12,1.7162E-11,2.6959E-11,3.8004E-11,1.6867E-11,-4.3655E-11,0.0000E+00
54749.0000,NaN,0.0000E+00,2.3456E-12,8.3453E-12,1.5809E-11,2.0289E-11,2.3645E-11,1.0073E-11,-5.6105E-11,0.0000E+00
54750.0000,NaN,0.0000E+00,6.2366E-12,1.4539E-11,2.3784E-11,3.0158E-11,2.9080E-11,2.0156E-11,-3.8616E-11,0.0000E+00
54751.0000,NaN,0.0000E+00,1.3924E-12,6.2899E-12,1.2288E-11,1.7348E-11,2.0041E-11,7.5198E-12,-5.6554E-11,0.0000E+00
54752.0000,NaN,0.0000E+00,-2.1094E-12,6.7840E-13,4.1010E-12,5.7168E-12,3.9729E-12,-3.3797E-12,-5.4362E-11,0.0000E+00
54753.0000,NaN,0.0000E+00,-3.2503E-12,-1.2341E-12,1.3876E-12,2.7818E-12,1.5162E-12,-7.2170E-12,-6.9488E-11,0.0000E+00
54754.0000,NaN,0.0000E+00,1.5912E-12,6.7728E-12,1.3694E-11,2.0699E-11,2.6450E-11,1.2478E-11,-9.3263E-11,0.0000E+00
54755.0000,NaN,0.0000E+00,2.0508E-12,7.5095E-12,1.4301E-11,2.0550E-11,3.1123E-11,3.5981E-11,-9.9803E-11,0.0000E+00
54756.0000,NaN,0.0000E+00,6.0657E-12,1.4239E-11,2.4221E-11,3.0605E-11,2.6106E-11,2.4498E-11,-1.7444E-11,0.0000E+00
54757.0000,NaN,0.0000E+00,3.1833E-12,9.0506E-12,1.5822E-11,2.1824E-11,2.1690E-11,7.0449E-12,-3.4664E-11,0.0000E+00
54758.0000,NaN,0.0000E+00,6.2296E-13,5.1269E-12,1.0829E-11,1.5438E-11,2.5002E-11,1.5965E-11,-4.2830E-11,0.0000E+00
54759.0000,NaN,0.0000E+00,-2.1288E-12,7.2519E-13,4.3994E-12,6.4254E-12,4.9423E-12,-3.9135E-12,-6.3897E-11,0.0000E+00
54760.0000,NaN,0.0000E+00,-7.7850E-12,-8.2362E-12,-8.2482E-12,-8.8206E-12,-7.9227E-12,-7.5161E-12,-4.8251E-11,0.0000E+00
54761.0000,NaN,0.0000E+00,-2.7430E-12,-2.5654E-13,3.0266E-12,5.1035E-12,6.3593E-12,1.5724E-12,-4.2983E-11,0.0000E+00
54762.0000,NaN,0.0000E+00,-2.5767E-12,-6.2849E-14,3.7685E-12,8.6696E-12,1.4031E-11,-8.7315E-12,-3.6291E-11,0.0000E+00
54763.0000,NaN,0.0000E+00,-4.5269E-12,-2.9540E-12,-5.3495E-13,9.7726E-13,6.6811E-13,-1.1585E-12,-6.1464E-11,0.0000E+00
54764.0000,NaN,0.0000E+00,-4.7669E-12,-3.2770E-12,-1.1905E-12,-1.5141E-13,-9.3168E-13,-1.9004E-11,-4.1147E-11,0.0000E+00
54765.0000,NaN,0.0000E+00,-4.8321E-12,-3.7299E-12,-1.9125E-12,-4.9164E-13,-7.5239E-13,-1.3439E-12,-3.9550E-11,0.0000E+00
54766.0000,NaN,0.0000E+00,-4.4377E-12,-2.8910E-12,-5.9959E-13,9.4506E-13,1.0138E-12,-1.2921E-11,-2.9341E-11,0.0000E+00
54767.0000,NaN,0.0000E+00,-4.5194E-12,-3.1191E-12,-9.4791E-13,6.3998E-13,-3.4899E-13,-4.4326E-12,-4.1487E-11,0.0000E+00
54768.0000,NaN,0.0000E+00,-4.5005E-12,-2.8940E-12,-5.2672E-13,9.1107E-13,6.0314E-13,-5.9976E-12,-3.1451E-11,0.0000E+00
54769.0000,NaN,0.0000E+00,-5.6761E-12,-4.9768E-12,-3.7802E-12,-3.6455E-12,-7.3710E-12,-1.3936E-11,-4.5405E-11,0.0000E+00
54770.0000,NaN,0.0000E+00,-4.4572E-12,-2.8592E-12,-4.3211E-13,1.1493E-12,8.4985E-13,-7.1869E-13,-2.8337E-11,0.0000E+00
54771.0000,NaN,0.0000E+00,-5.5339E-12,-4.8123E-12,-3.5864E-12,-3.4653E-12,-9.1508E-12,-5.1331E-11,-3.4866E-11,0.0000E+00
54772.0000,NaN,0.0000E+00,-6.6276E-12,-6.5029E-12,-5.8544E-12,-5.0768E-12,-3.2184E-12,-6.6087E-13,-3.2534E-11,0.0000E+00
54773.0000,NaN,0.0000E+00,-6.7970E-12,-6.4309E-12,-5.0454E-12,-4.1378E-12,-7.9742E-12,-1.0417E-10,-3.4834E-11,0.0000E+00
54774.0000,NaN,0.0000E+00,-8.0571E-12,-9.0808E-12,-1.0659E-11,-1.3631E-11,-1.1151E-11,-1.2194E-12,-2.9264E-11,0.0000E+00
54775.0000,NaN,0.0000E+00,-7.4624E-12,-7.4507E-12,-5.9840E-12,-3.7743E-12,-4.7726E-12,-1.0747E-10,-3.4378E-11,0.0000E+00
54776.0000,NaN,0.0000E+00,-7.3966E-12,-7.8255E-12,-8.7874E-12,-1.4417E-11,-1.8890E-11,-1.2908E-12,-2.7362E-11,0.0000E+00
54777.0000,NaN,0.0000E+00,-7.0611E-12,-7.0254E-12,-5.6238E-12,-2.8525E-12,-1.9288E-12,-8.1389E-11,-3.2986E-11,0.0000E+00
54778.0000,NaN,0.0000E+00,-7.1947E-12,-7.2089E-12,-7.3947E-12,-1.3997E-11,-3.4722E-11,-1.1740E-12,-2.7782E-11,0.0000E+00
54779.0000,NaN,0.0000E+00,-7.1188E-12,-7.3565E-12,-6.4094E-12,-2.9957E-12,-6.9210E-13,-5.5760E-11,-3.2324E-11,0.0000E+00
54780.0000,NaN,0.0000E+00,-6.1662E-12,-5.4252E-12,-4.2691E-12,-7.0210E-12,-3.6835E-11,-3.3787E-12,-2.7167E-11,0.0000E+00
54781.0000,NaN,0.0000E+00,-7.1777E-12,-7.9455E-12,-8.7366E-12,-6.4965E-12,-1.4462E-12,-4.4672E-11,-3.2760E-11,0.0000E+00
54782.0000,NaN,0.0000E+00,-7.5410E-12,-7.0868E-12,-5.3655E-12,-6.6265E-12,-4.7421E-11,-5.8074E-12,-2.9176E-11,0.0000E+00
54783.0000,NaN,0.0000E+00,-8.0484E-12,-9.3251E-12,-1.1477E-11,-9.8201E-12,-1.6316E-12,-4.5251E-11,-3.5041E-11,0.0000E+00
54784.0000,NaN,0.0000E+00,-7.6511E-12,-7.4665E-12,-5.7609E-12,-6.2829E-12,-5.5358E-11,-4.2165E-12,-3.0332E-11,0.0000E+00
54785.0000,NaN,0.0000E+00,-7.5877E-12,-8.5594E-12,-1.0839E-11,-1.0529E-11,-1.0039E-12,-4.3541E-11,-3.5189E-11,0.0000E+00
54786.0000,NaN,0.0000E+00,-7.2765E-12,-6.9366E-12,-4.8205E-12,-4.2672E-12,-5.7185E-11,-2.8359E-12,-3.0435E-11,0.0000E+00
