"",-9.000,-8.000,-7.000,-6.000,-5.000,-4.000,-3.000,-2.000,-1.000,0.000
54421.0000,NaN,-8.0000E+00,-8.0000E+00,-8.0000E+00,-8.0000E+00,-6.6667E+00,-5.3333E+00,-4.0000E+00,-3.0000E+00,-2.0000E+00
54422.0000,NaN,2.6770E-14,3.0141E-15,3.0141E-15,3.0141E-15,3.0141E-15,3.0141E-15,3.0141E-15,3.0141E-15,8.7352E-15
54423.0000,NaN,1.6682E-08,2.0652E-08,3.7543E-08,1.2727E-07,2.5881E-07,6.9938E-07,1.9768E-06,5.9989E-06,6.2895E-04
54424.0000,NaN,3.7368E+01,3.7365E+01,3.7363E+01,3.7361E+01,3.7264E+01,3.7178E+01,3.7100E+01,3.7011E+01,3.6928E+01
54425.0000,NaN,7.8639E-07,7.8584E-09,2.1613E-10,2.1100E-10,2.1213E-10,2.1306E-10,2.1376E-10,2.1422E-10,1.0878E-07
54426.0000,NaN,1.3222E-07,9.5914E-09,3.0101E-11,1.0809E-13,2.8036E-14,6.7678E-14,1.6961E-13,1.7316E-12,8.4817E-11
54427.0000,NaN,2.2427E-07,1.4932E-08,8.5625E-11,7.9678E-13,7.5205E-13,1.0831E-12,1.2928E-12,4.8262E-12,8.3140E-11
54428.0000,NaN,1.3754E-07,1.4769E-08,1.7360E-10,1.4939E-10,1.7922E-10,1.8005E-10,1.2302E-10,6.4575E-12,8.0988E-11
54429.0000,NaN,1.7955E-07,1.7145E-08,4.2176E-07,1.4710E-06,1.4782E-06,1.4741E-06,1.4621E-06,7.0045E-09,7.8992E-11
54430.0000,NaN,1.3554E-07,1.6944E-08,9.1541E-10,1.5134E-09,1.1700E-09,9.9004E-10,8.6275E-10,1.0384E-11,7.7124E-11
54431.0000,NaN,1.5914E-07,1.8165E-08,4.2439E-10,8.8934E-13,6.5993E-14,5.8927E-14,6.1218E-14,9.3796E-12,7.5382E-11
54432.0000,NaN,1.3467E-07,1.7647E-08,4.1526E-10,4.4495E-12,2.1331E-13,3.9570E-13,6.3071E-13,1.0347E-11,7.3743E-11
54433.0000,NaN,1.4751E-07,1.8170E-08,4.4707E-10,1.4902E-11,1.1575E-11,1.5378E-11,1.2199E-11,1.1299E-11,7.2010E-11
54434.0000,NaN,1.3430E-07,1.8019E-08,4.8933E-10,2.1530E-10,2.9327E-10,2.5121E-10,3.2713E-13,1.2296E-11,7.0377E-11
54435.0000,NaN,1.4163E-07,1.8711E-08,5.5971E-10,1.3139E-10,6.7000E-11,3.1058E-11,4.5545E-12,1.3191E-11,6.8858E-11
54436.0000,NaN,1.3719E-07,1.9316E-08,5.5360E-10,2.5332E-11,9.6785E-13,1.4857E-13,6.3522E-13,1.3953E-11,6.7535E-11
54437.0000,NaN,1.4395E-07,2.0318E-08,4.7696E-10,4.8788E-11,1.8861E-12,1.2470E-13,3.1067E-13,1.4706E-11,6.6146E-11
54438.0000,NaN,1.4701E-07,2.1043E-08,4.3010E-10,6.5605E-11,7.3198E-12,9.6600E-13,4.4574E-13,1.5382E-11,6.4839E-11
54439.0000,NaN,1.5644E-07,2.1824E-08,4.2645E-10,7.7199E-11,3.1393E-11,8.4240E-12,7.7478E-13,1.5982E-11,6.3645E-11
54440.0000,NaN,1.6706E-07,2.2710E-08,4.3915E-10,1.0738E-10,9.2801E-11,9.7956E-11,1.6869E-11,1.6456E-11,6.2802E-11
54441.0000,NaN,1.8310E-07,2.3486E-08,3.7118E-10,7.2882E-11,2.4319E-11,9.4546E-12,1.1398E-11,1.7213E-11,6.1736E-11
54442.0000,NaN,1.9983E-07,2.2964E-08,2.1726E-10,2.8569E-11,7.4547E-12,1.2641E-12,3.9494E-12,1.7798E-11,6.0689E-11
54443.0000,NaN,2.1560E-07,2.1644E-08,1.6309E-10,2.3302E-11,5.8823E-12,1.7061E-12,2.5227E-12,1.8109E-11,5.9931E-11
54444.0000,NaN,2.3254E-07,2.0855E-08,1.7130E-10,3.0835E-11,1.0370E-11,4.1388E-12,2.4201E-12,1.8450E-11,5.9036E-11
54445.0000,NaN,2.5793E-07,2.0569E-08,1.8212E-10,4.0207E-11,1.5937E-11,9.8142E-12,3.6073E-12,1.8706E-11,5.8324E-11
54446.0000,NaN,2.9683E-07,1.9831E-08,1.7782E-10,4.1537E-11,2.2033E-11,1.4702E-11,7.8781E-12,1.8794E-11,5.8129E-11
54447.0000,NaN,3.4995E-07,1.8314E-08,1.7423E-10,3.6117E-11,2.4402E-11,1.9220E-11,1.4148E-11,1.9179E-11,5.7691E-11
54448.0000,NaN,4.1947E-07,1.6791E-08,1.7518E-10,2.8281E-11,7.0022E-12,2.3112E-12,1.1355E-11,1.9572E-11,5.7156E-11
54449.0000,NaN,5.2258E-07,1.6977E-08,2.3242E-10,4.0332E-11,1.3266E-11,2.8017E-12,7.6033E-12,1.9528E-11,5.7164E-11
54450.0000,NaN,7.3251E-07,2.0859E-08,3.9074E-10,7.6696E-11,2.9949E-11,1.4723E-11,7.8266E-12,1.9796E-11,5.6541E-11
54451.0000,NaN,1.2133E-06,3.2372E-08,8.5267E-10,1.7159E-10,5.7173E-11,3.2900E-11,1.7415E-11,2.0257E-11,5.5956E-11
54452.0000,NaN,2.4393E-06,7.0481E-08,2.7417E-09,5.2617E-10,1.3740E-10,5.7430E-11,5.6564E-11,2.1504E-11,5.5379E-11
54453.0000,NaN,4.9020E-06,1.8624E-07,1.1755E-08,2.5501E-09,7.7587E-10,2.8742E-10,2.3858E-10,2.5195E-11,5.6138E-11
54454.0000,NaN,8.8782E-06,5.0564E-07,4.3024E-08,1.0139E-08,3.9420E-09,2.0222E-09,1.7849E-09,5.6032E-11,5.7441E-11
54455.0000,NaN,1.1142E-05,7.3599E-07,7.5847E-08,1.5882E-08,4.6328E-09,1.8516E-09,2.8854E-09,2.6979E-10,6.8266E-11
54456.0000,NaN,1.0995E-05,7.9249E-07,7.4616E-08,1.6271E-08,5.3141E-09,2.1779E-09,3.4383E-09,1.2054E-09,1.2652E-10
54457.0000,NaN,9.8331E-06,6.5262E-07,6.5297E-08,1.4377E-08,4.8449E-09,2.4143E-09,1.9403E-09,3.0435E-09,3.0868E-10
54458.0000,NaN,7.5413E-06,5.8816E-07,5.5765E-08,1.2746E-08,4.4640E-09,1.9231E-09,2.8119E-09,4.6476E-09,6.6860E-10
54459.0000,NaN,6.9063E-06,4.8178E-07,4.8240E-08,1.0852E-08,3.8497E-09,2.4267E-09,1.4630E-09,5.1880E-09,1.0864E-09
54460.0000,NaN,5.5749E-06,4.5363E-07,4.3821E-08,1.0275E-08,3.7531E-09,1.6926E-09,2.9182E-09,5.1257E-09,1.4230E-09
54461.0000,NaN,5.5585E-06,3.9289E-07,3.9686E-08,8.9768E-09,3.2745E-09,2.4758E-09,1.1830E-09,4.9780E-09,1.6637E-09
54462.0000,NaN,4.5596E-06,3.7244E-07,3.6455E-08,8.5971E-09,3.1425E-09,1.4691E-09,3.4195E-09,4.2789E-09,1.7478E-09
54463.0000,NaN,4.6058E-06,3.1942E-07,3.2236E-08,7.2162E-09,2.6026E-09,2.4685E-09,9.9267E-10,3.7224E-09,1.7078E-09
54464.0000,NaN,3.6324E-06,2.9614E-07,2.9039E-08,6.9962E-09,2.6336E-09,1.2669E-09,3.1403E-09,2.9983E-09,1.5790E-09
54465.0000,NaN,3.6607E-06,2.5271E-07,2.5282E-08,5.5831E-09,1.9573E-09,2.1962E-09,8.0664E-10,2.4601E-09,1.3956E-09
54466.0000,NaN,2.8443E-06,2.3019E-07,2.2596E-08,5.5591E-09,2.1913E-09,1.0843E-09,2.8610E-09,1.6418E-09,1.1236E-09
54467.0000,NaN,2.8577E-06,2.0009E-07,1.9940E-08,4.4017E-09,1.5328E-09,1.6971E-09,7.3817E-10,1.5806E-09,9.2193E-10
54468.0000,NaN,2.2545E-06,1.8079E-07,1.7815E-08,4.4563E-09,1.9481E-09,1.0267E-09,2.7890E-09,1.0429E-09,7.5413E-10
54469.0000,NaN,2.2509E-06,1.6023E-07,1.5966E-08,3.5351E-09,1.2369E-09,1.0784E-09,6.0886E-10,9.3935E-10,5.3775E-10
54470.0000,NaN,1.7844E-06,1.3913E-07,1.3679E-08,3.3700E-09,1.6939E-09,9.1808E-10,2.1076E-09,7.0349E-10,4.3071E-10
54471.0000,NaN,1.7410E-06,1.3208E-07,1.3406E-08,3.1247E-09,1.1966E-09,1.0236E-09,1.1443E-09,9.3657E-10,3.7056E-10
54472.0000,NaN,1.5691E-06,1.2658E-07,1.2657E-08,3.0021E-09,1.3451E-09,7.3107E-10,1.8959E-09,8.7969E-10,3.5092E-10
54473.0000,NaN,1.6199E-06,1.2134E-07,1.2389E-08,2.8286E-09,1.0264E-09,7.9138E-10,8.9427E-10,1.1209E-09,3.8666E-10
54474.0000,NaN,1.4269E-06,1.1357E-07,1.1469E-08,2.7454E-09,1.1953E-09,6.9696E-10,1.6782E-09,9.8438E-10,4.1673E-10
54475.0000,NaN,1.4311E-06,1.0823E-07,1.0993E-08,2.5087E-09,9.3251E-10,7.0702E-10,6.6579E-10,1.0571E-09,4.3824E-10
54476.0000,NaN,1.2591E-06,9.7666E-08,9.8444E-09,2.3375E-09,1.0613E-09,5.5698E-10,1.3239E-09,7.0069E-10,4.0341E-10
54477.0000,NaN,1.1933E-06,9.0178E-08,9.0729E-09,2.0479E-09,7.3654E-10,5.2633E-10,4.7488E-10,6.6080E-10,3.4282E-10
54478.0000,NaN,1.0403E-06,7.9456E-08,7.9374E-09,1.8657E-09,9.0828E-10,4.9966E-10,1.2866E-09,4.7874E-10,2.8628E-10
54479.0000,NaN,9.5782E-07,7.3322E-08,7.3688E-09,1.6763E-09,6.0411E-10,4.4719E-10,5.4655E-10,4.4332E-10,2.3591E-10
54480.0000,NaN,8.5278E-07,6.4565E-08,6.4048E-09,1.4733E-09,7.9332E-10,5.2317E-10,1.1393E-09,3.8320E-10,2.0338E-10
54481.0000,NaN,7.8417E-07,6.1936E-08,6.3242E-09,1.5073E-09,5.8621E-10,5.1156E-10,9.3089E-10,4.1723E-10,1.9003E-10
54482.0000,NaN,7.5943E-07,5.9784E-08,6.0238E-09,1.4134E-09,7.3705E-10,6.2484E-10,1.3207E-09,4.9649E-10,1.9719E-10
54483.0000,NaN,7.5555E-07,6.0607E-08,6.2944E-09,1.5204E-09,6.1245E-10,5.7641E-10,7.8278E-10,5.9815E-10,2.2083E-10
54484.0000,NaN,7.5749E-07,5.9410E-08,6.0795E-09,1.4323E-09,7.1285E-10,5.7470E-10,9.6074E-10,5.9283E-10,2.4445E-10
54485.0000,NaN,7.3492E-07,5.7723E-08,5.9714E-09,1.4217E-09,5.5454E-10,5.2396E-10,4.6110E-10,5.6105E-10,2.4959E-10
54486.0000,NaN,6.9502E-07,5.2806E-08,5.3143E-09,1.2175E-09,6.1918E-10,4.7489E-10,6.2212E-10,4.2292E-10,2.3102E-10
54487.0000,NaN,6.2703E-07,4.8340E-08,4.9202E-09,1.1482E-09,4.1532E-10,4.3143E-10,2.4896E-10,3.5694E-10,1.9993E-10
54488.0000,NaN,5.7804E-07,4.4579E-08,4.4495E-09,1.0207E-09,4.8847E-10,4.2514E-10,5.2951E-10,2.6190E-10,1.7244E-10
54489.0000,NaN,5.4693E-07,4.3618E-08,4.4618E-09,1.0498E-09,4.0233E-10,3.5045E-10,3.3937E-10,3.0152E-10,1.5595E-10
54490.0000,NaN,5.5259E-07,4.4475E-08,4.5595E-09,1.0816E-09,4.2788E-10,2.6407E-10,4.8695E-10,3.6342E-10,1.6316E-10
54491.0000,NaN,5.7021E-07,4.5923E-08,4.7358E-09,1.0951E-09,4.1178E-10,2.3767E-10,2.8263E-10,4.7464E-10,1.8012E-10
54492.0000,NaN,5.7791E-07,4.5216E-08,4.6444E-09,1.0557E-09,3.6827E-10,1.7182E-10,2.3219E-10,4.0752E-10,1.9354E-10
54493.0000,NaN,5.4774E-07,4.2114E-08,4.2559E-09,9.5677E-10,3.3593E-10,1.7649E-10,1.7629E-10,3.5437E-10,1.8108E-10
54494.0000,NaN,5.0326E-07,3.8690E-08,3.9118E-09,8.9028E-10,3.1114E-10,1.3463E-10,1.3513E-10,2.6286E-10,1.6467E-10
54495.0000,NaN,4.6607E-07,3.6482E-08,3.6616E-09,8.2817E-10,2.8637E-10,1.3292E-10,1.5372E-10,2.5801E-10,1.4764E-10
54496.0000,NaN,4.4936E-07,3.5364E-08,3.5831E-09,8.0989E-10,2.7571E-10,1.2738E-10,1.1016E-10,2.8084E-10,1.4601E-10
54497.0000,NaN,4.3821E-07,3.4605E-08,3.4955E-09,7.8205E-10,2.5895E-10,9.8480E-11,1.1345E-10,3.0261E-10,1.4647E-10
54498.0000,NaN,4.2527E-07,3.2682E-08,3.2907E-09,7.2217E-10,2.3917E-10,9.9751E-11,7.7912E-11,2.4610E-10,1.4324E-10
54499.0000,NaN,3.9229E-07,3.0371E-08,3.0574E-09,6.8872E-10,2.3550E-10,1.0361E-10,1.3326E-10,2.1666E-10,1.3228E-10
54500.0000,NaN,3.6530E-07,2.7972E-08,2.8019E-09,6.2805E-10,2.1889E-10,1.0317E-10,6.8086E-11,1.7244E-10,1.2276E-10
54501.0000,NaN,3.3838E-07,2.6755E-08,2.7167E-09,6.4068E-10,2.6184E-10,1.7977E-10,1.7133E-10,1.7537E-10,1.1882E-10
54502.0000,NaN,3.4393E-07,2.8507E-08,2.9197E-09,8.4986E-10,9.5699E-10,1.0339E-09,8.9762E-10,3.2429E-10,1.3612E-10
54503.0000,NaN,3.7697E-07,3.0883E-08,3.2583E-09,1.9719E-09,3.0069E-09,3.2666E-09,2.8818E-09,7.9100E-10,1.6302E-10
54504.0000,NaN,3.5801E-07,2.2985E-08,2.1233E-09,6.3816E-10,1.1393E-10,8.1149E-12,8.0523E-12,1.3351E-10,1.3543E-10
54505.0000,NaN,2.0625E-07,1.2933E-08,1.1465E-09,5.0791E-10,1.1726E-10,5.0086E-12,3.6585E-12,5.9692E-11,1.0638E-10
54506.0000,NaN,1.2277E-07,9.0635E-09,8.7389E-10,3.8094E-10,2.3878E-10,1.1685E-11,6.5195E-12,3.7439E-11,8.9827E-11
54507.0000,NaN,9.6999E-08,8.1429E-09,7.8922E-10,3.4918E-10,3.7358E-10,3.1908E-11,1.0515E-11,2.7448E-11,8.1966E-11
54508.0000,NaN,1.0271E-07,8.8028E-09,8.8618E-10,3.3453E-10,4.5013E-10,1.2114E-10,2.6979E-11,2.3291E-11,7.8174E-11
54509.0000,NaN,1.2235E-07,1.0812E-08,1.1709E-09,4.1407E-10,6.5014E-10,4.6136E-10,1.3143E-10,3.1188E-11,7.7021E-11
54510.0000,NaN,1.6766E-07,1.5887E-08,1.8663E-09,6.6971E-10,8.8734E-10,7.4901E-10,4.1950E-10,1.2427E-10,8.1782E-11
54511.0000,NaN,2.5081E-07,2.3590E-08,2.8178E-09,1.0460E-09,7.0407E-10,6.9730E-10,6.7529E-10,2.1533E-10,9.1981E-11
54512.0000,NaN,3.2241E-07,2.5690E-08,2.6091E-09,5.5600E-10,3.2671E-10,1.1724E-10,6.7199E-11,2.2693E-10,1.1117E-10
54513.0000,NaN,2.6026E-07,1.6398E-08,1.5262E-09,4.3532E-10,8.3670E-11,1.0935E-11,4.2679E-12,8.0860E-11,9.9407E-11
54514.0000,NaN,1.5398E-07,1.0739E-08,1.0241E-09,2.7558E-10,1.3317E-10,1.4044E-11,7.1549E-12,4.9381E-11,8.7745E-11
54515.0000,NaN,1.1266E-07,9.2166E-09,9.1450E-10,2.7607E-10,1.8361E-10,7.1976E-11,2.0569E-11,3.6375E-11,8.0847E-11
54516.0000,NaN,1.1877E-07,1.0904E-08,1.1699E-09,3.9558E-10,3.0045E-10,4.0875E-10,1.9401E-10,4.2069E-11,8.3222E-11
54517.0000,NaN,1.6520E-07,1.5596E-08,1.8117E-09,1.1574E-09,1.6842E-09,2.0783E-09,1.7342E-09,1.2662E-10,8.8853E-11
54518.0000,NaN,2.4158E-07,2.2690E-08,1.9849E-08,2.8034E-08,2.9032E-08,2.6263E-08,2.0529E-08,1.8237E-09,9.6550E-11
54519.0000,NaN,2.3830E-07,1.5069E-08,2.3166E-09,2.1701E-10,8.9456E-11,5.2733E-11,4.1045E-11,2.7401E-10,1.1534E-10
54520.0000,NaN,1.0897E-07,5.2120E-09,1.2111E-09,4.5430E-11,4.3913E-12,2.8459E-12,2.4714E-12,6.5856E-11,1.1105E-10
54521.0000,NaN,3.9696E-08,2.9515E-09,7.9110E-10,1.1660E-10,6.7462E-12,3.5651E-12,6.3192E-12,2.2943E-11,1.0370E-10
54522.0000,NaN,2.6189E-08,2.3917E-09,6.6526E-10,2.3368E-10,1.3773E-11,1.0675E-11,4.0730E-11,1.4358E-11,9.9941E-11
54523.0000,NaN,2.7178E-08,2.6192E-09,6.6035E-10,3.4760E-10,4.5262E-11,1.2901E-10,5.6896E-10,6.8049E-11,1.0023E-10
54524.0000,NaN,3.5098E-08,3.3161E-09,7.7896E-10,6.1615E-10,4.2181E-10,3.0052E-09,2.8605E-09,8.1346E-10,1.0145E-10
54525.0000,NaN,5.8792E-08,6.6515E-09,1.5796E-09,2.1372E-09,6.9341E-08,9.5986E-08,9.0089E-08,7.4398E-08,8.3745E-10
54526.0000,NaN,1.3572E-07,1.5150E-08,4.4493E-09,2.1020E-09,3.6699E-10,9.0998E-11,4.2761E-11,1.7587E-11,1.0935E-10
54527.0000,NaN,2.3336E-07,1.8479E-08,5.9328E-09,2.4113E-09,1.4744E-10,3.1825E-12,1.7289E-12,4.5731E-12,9.7734E-11
54528.0000,NaN,1.2515E-07,5.5665E-09,8.6303E-10,5.0284E-11,5.2541E-11,6.7311E-12,2.4526E-12,3.9725E-12,9.3095E-11
54529.0000,NaN,2.4675E-08,1.6648E-09,5.2757E-10,3.7584E-11,2.6604E-11,8.7189E-12,3.3705E-12,3.9858E-12,8.7888E-11
54530.0000,NaN,1.1594E-08,1.2578E-09,4.1186E-10,5.9377E-11,2.1333E-11,9.1569E-12,4.0419E-12,6.2337E-12,8.7950E-11
54531.0000,NaN,1.0214E-08,1.1635E-09,4.3148E-10,9.3273E-11,2.2300E-11,9.4244E-12,4.7179E-12,6.1797E-11,8.8688E-11
54532.0000,NaN,1.2737E-08,1.4638E-09,5.4427E-10,1.5436E-10,2.8220E-11,1.0212E-11,5.4931E-12,1.7320E-09,8.9538E-11
54533.0000,NaN,1.8464E-08,1.8952E-09,7.1210E-10,2.7064E-10,4.6472E-11,1.2676E-11,6.5020E-12,1.6741E-09,2.3189E-10
54534.0000,NaN,2.8763E-08,3.0033E-09,8.3420E-10,3.8799E-10,9.2551E-11,2.0566E-11,8.0562E-12,7.7282E-10,2.0142E-10
54535.0000,NaN,4.8508E-08,4.6681E-09,8.1922E-10,3.6834E-10,1.3356E-10,4.4310E-11,1.0235E-11,1.5213E-10,8.6933E-11
54536.0000,NaN,6.2584E-08,5.6505E-09,7.3935E-10,2.8929E-10,1.3413E-10,9.0216E-11,1.4650E-11,2.8887E-12,8.0077E-11
54537.0000,NaN,7.4145E-08,5.7015E-09,6.5344E-10,2.2351E-10,1.2178E-10,1.1936E-10,1.8055E-11,7.0349E-13,7.8191E-11
54538.0000,NaN,6.4490E-08,5.1331E-09,5.5223E-10,1.8138E-10,1.1242E-10,1.2858E-10,2.3869E-11,7.7477E-12,6.8579E-11
54539.0000,NaN,6.2380E-08,4.5770E-09,4.8747E-10,1.5575E-10,1.0166E-10,1.1331E-10,2.7780E-11,1.5107E-09,7.4314E-11
54540.0000,NaN,5.2867E-08,4.2926E-09,4.5505E-10,1.5033E-10,1.0749E-10,1.1639E-10,3.4732E-11,7.0588E-09,4.6844E-09
54541.0000,NaN,5.3524E-08,3.9728E-09,4.2336E-10,1.3875E-10,1.0163E-10,1.0361E-10,4.3155E-11,1.6251E-09,1.9652E-09
54542.0000,NaN,4.5915E-08,3.6461E-09,3.9773E-10,1.4494E-10,1.0509E-10,9.7199E-11,4.2859E-11,2.8282E-12,7.2645E-11
54543.0000,NaN,4.4875E-08,3.3836E-09,3.6759E-10,1.3171E-10,1.1381E-10,9.6747E-11,4.4335E-11,3.5823E-12,5.7832E-11
54544.0000,NaN,3.8961E-08,3.0299E-09,3.3883E-10,1.4995E-10,1.0724E-10,9.0574E-11,4.6323E-11,6.8541E-12,4.1520E-11
54545.0000,NaN,3.6813E-08,2.8459E-09,3.2237E-10,1.2543E-10,1.1636E-10,9.0573E-11,4.9569E-11,5.0732E-11,2.2054E-11
54546.0000,NaN,3.2521E-08,2.4475E-09,2.7440E-10,1.6885E-10,1.0411E-10,8.5800E-11,5.4840E-11,1.1005E-09,2.6387E-11
54547.0000,NaN,2.9183E-08,2.3191E-09,2.8850E-10,1.2238E-10,1.0841E-10,8.2161E-11,5.8635E-11,3.4087E-09,2.8600E-09
54548.0000,NaN,2.6485E-08,1.9687E-09,2.1482E-10,1.6962E-10,1.1087E-10,7.9866E-11,6.7123E-11,4.3110E-08,9.1146E-08
54549.0000,NaN,2.3227E-08,1.8624E-09,2.9551E-10,1.4797E-10,1.0827E-10,5.0661E-11,3.3728E-09,3.8415E-07,3.3516E-06
54550.0000,NaN,2.1208E-08,1.6252E-09,2.2282E-10,1.7488E-10,7.4552E-10,7.4135E-09,7.2612E-08,8.9579E-07,5.8288E-06
54551.0000,NaN,1.8476E-08,1.3805E-09,4.1309E-10,5.8609E-10,1.5981E-09,2.0768E-08,1.7643E-07,3.7385E-07,2.5180E-06
54552.0000,NaN,2.0365E-08,2.3526E-09,6.2461E-10,1.9309E-09,6.0970E-09,4.6204E-08,3.5378E-08,9.3265E-09,4.9712E-07
54553.0000,NaN,3.5573E-08,3.0063E-09,5.0587E-09,5.6123E-09,1.2445E-08,3.7576E-08,2.4286E-08,2.2681E-07,2.2188E-06
54554.0000,NaN,8.8477E-08,1.9317E-08,1.3272E-08,7.2315E-09,6.1826E-09,2.4340E-08,7.7275E-08,2.8907E-07,1.8572E-06
54555.0000,NaN,4.8245E-07,7.5523E-08,9.8857E-09,2.4178E-09,1.2505E-08,4.0176E-08,7.0458E-08,7.2772E-08,1.5926E-06
54556.0000,NaN,1.6805E-08,1.9408E-09,6.3457E-09,5.0917E-09,1.0172E-08,2.2587E-08,1.1952E-08,1.6288E-07,2.6208E-06
54557.0000,NaN,5.8847E-09,3.8923E-09,7.4791E-09,5.3359E-09,7.9887E-09,8.7001E-09,1.3224E-08,9.4499E-08,1.5809E-06
54558.0000,NaN,1.1822E-08,5.9639E-09,3.9249E-09,2.2251E-09,4.4151E-09,5.3409E-09,2.1109E-08,1.4989E-07,3.6727E-06
54559.0000,NaN,2.4332E-08,1.2261E-08,4.6047E-09,4.0099E-09,2.5847E-09,8.8850E-09,3.1707E-08,7.1731E-08,2.0522E-06
54560.0000,NaN,5.3255E-08,1.0291E-08,2.9495E-09,1.2347E-09,3.1516E-09,5.1975E-09,8.9735E-09,4.3217E-08,8.7655E-07
54561.0000,NaN,7.6485E-08,1.7666E-08,2.4110E-09,1.1655E-09,2.9609E-09,3.2504E-09,3.4501E-09,8.2319E-08,1.9205E-06
54562.0000,NaN,1.1181E-07,2.7093E-08,4.6361E-09,1.5302E-09,3.0112E-09,5.5524E-09,4.2464E-08,2.1667E-07,3.1259E-06
54563.0000,NaN,1.7117E-07,3.8545E-08,1.0180E-08,2.4842E-09,3.8151E-09,1.2587E-08,1.5257E-07,3.3238E-07,6.4222E-06
54564.0000,NaN,2.7724E-07,4.7793E-08,1.9126E-08,6.6480E-09,8.3075E-09,3.3259E-08,1.5003E-07,3.5330E-07,1.9137E-06
54565.0000,NaN,4.6575E-07,6.2728E-08,2.2007E-08,9.6696E-09,4.1001E-09,3.8006E-09,1.0360E-07,4.7100E-07,5.4921E-06
54566.0000,NaN,7.0833E-07,6.7760E-08,2.2393E-08,1.6162E-08,1.8643E-08,3.9049E-08,1.2355E-07,9.7984E-08,8.5259E-07
54567.0000,NaN,7.5920E-07,6.1202E-08,1.4341E-08,1.1462E-08,1.7547E-08,5.0258E-08,3.4350E-08,8.6302E-08,1.1055E-06
54568.0000,NaN,7.0809E-07,6.3964E-08,1.6812E-08,1.5118E-08,1.9360E-08,1.3984E-08,7.5673E-08,1.4646E-07,1.0174E-06
54569.0000,NaN,7.6338E-07,4.9794E-08,7.8262E-09,7.3649E-09,2.6614E-08,1.0739E-07,1.2616E-07,1.3030E-07,1.0384E-06
54570.0000,NaN,5.0262E-07,4.4900E-08,1.9457E-08,2.5320E-08,5.5255E-08,2.6086E-07,4.5879E-08,6.8612E-08,5.1935E-07
54571.0000,NaN,6.2518E-07,6.1519E-08,1.5500E-08,1.9602E-08,9.5282E-08,7.0714E-08,2.8924E-08,9.4867E-08,3.8229E-07
54572.0000,NaN,7.3888E-07,4.2413E-08,5.5843E-08,3.3247E-08,2.1633E-08,5.7027E-08,7.3530E-08,1.0769E-07,5.0884E-07
54573.0000,NaN,5.4516E-07,6.3531E-08,2.8010E-08,2.6866E-08,3.5852E-08,3.7758E-07,2.1123E-07,2.8391E-07,5.0032E-07
54574.0000,NaN,7.1335E-07,3.2225E-08,4.1480E-08,4.5273E-08,1.8433E-07,4.3314E-07,1.6482E-07,1.4773E-07,4.4325E-07
54575.0000,NaN,6.4052E-07,1.2058E-07,8.9007E-08,2.0192E-07,1.3580E-07,1.3218E-07,8.5345E-08,4.9646E-08,1.7591E-07
54576.0000,NaN,2.1196E-06,2.7410E-07,2.4863E-07,8.1617E-08,1.9235E-08,1.2462E-08,4.6163E-08,1.2551E-07,2.6469E-07
54577.0000,NaN,5.5643E-06,5.0188E-07,8.6347E-08,1.3186E-07,2.1379E-08,6.8316E-08,4.7290E-07,9.7310E-08,2.3489E-07
54578.0000,NaN,2.6613E-06,2.1071E-07,1.6900E-07,9.2931E-08,4.6266E-08,1.4676E-07,1.0447E-07,5.4272E-08,1.2570E-07
54579.0000,NaN,2.0833E-06,3.7496E-07,3.8494E-08,9.6993E-08,4.1916E-08,5.8478E-08,1.7137E-07,5.5356E-08,1.0085E-07
54580.0000,NaN,1.9426E-06,1.5951E-07,1.8304E-07,7.5762E-08,4.7433E-08,1.7273E-08,1.0893E-07,4.0979E-08,9.0513E-08
54581.0000,NaN,2.7817E-06,5.2270E-07,6.2730E-08,1.3162E-07,5.3012E-08,1.4267E-07,1.6579E-07,5.1291E-08,9.9171E-08
54582.0000,NaN,5.4853E-06,5.0631E-07,3.4185E-07,1.1508E-07,1.4608E-07,2.4853E-07,1.3648E-07,4.3169E-08,1.0149E-07
54583.0000,NaN,7.4938E-06,1.0262E-06,1.2228E-07,2.2985E-07,1.1914E-07,1.6403E-07,2.7289E-07,3.4458E-07,6.3001E-07
54584.0000,NaN,1.6908E-05,1.2640E-06,3.0011E-07,8.3150E-08,9.4587E-08,2.8316E-07,3.6083E-07,8.0819E-07,1.7204E-06
54585.0000,NaN,8.4190E-06,6.3335E-07,6.7124E-08,8.4707E-08,9.8348E-08,2.2297E-07,1.3394E-06,1.7864E-06,3.0683E-06
54586.0000,NaN,5.2712E-06,2.5223E-07,1.7948E-07,2.2382E-08,1.4943E-07,3.6050E-08,5.3548E-08,6.5833E-07,1.5151E-06
54587.0000,NaN,4.5006E-06,4.6867E-07,7.0120E-08,8.8718E-08,9.6093E-08,1.5418E-08,9.6643E-08,6.1131E-07,1.0918E-06
54588.0000,NaN,6.9736E-06,5.0357E-07,2.0745E-07,2.6146E-08,5.9125E-08,1.2288E-08,1.4859E-07,7.0887E-07,1.4388E-06
54589.0000,NaN,6.8380E-06,6.4160E-07,7.4195E-08,1.5974E-07,1.0000E-07,3.7795E-07,1.6525E-06,4.3288E-06,5.8742E-06
54590.0000,NaN,1.5611E-05,2.0353E-06,7.8808E-07,2.7809E-07,2.6663E-06,2.2801E-06,1.3313E-06,1.4076E-06,2.5786E-06
54591.0000,NaN,1.0644E-04,2.1529E-05,3.9684E-06,1.6515E-06,5.9233E-07,3.9013E-07,9.7369E-08,9.4034E-08,3.9319E-07
54592.0000,NaN,1.8672E-03,5.1609E-04,1.2070E-04,2.1388E-05,1.3247E-06,1.7533E-07,1.0324E-07,2.4486E-07,4.6440E-07
54593.0000,NaN,2.2201E-05,7.4405E-07,1.5144E-07,2.2499E-07,5.8193E-08,1.1021E-07,2.2328E-07,2.2051E-07,3.3278E-07
54594.0000,NaN,6.9791E-07,9.9036E-08,2.6099E-08,3.3025E-08,6.6515E-08,3.8968E-08,7.0721E-08,1.4241E-07,1.8954E-07
54595.0000,NaN,6.9139E-07,9.5747E-08,1.7007E-08,2.5127E-08,3.2730E-08,9.1196E-08,3.1729E-07,1.9037E-07,3.1788E-07
54596.0000,NaN,6.5388E-07,1.0431E-07,2.3094E-08,3.6146E-08,1.0223E-07,9.1819E-08,9.7575E-08,1.5653E-07,3.0131E-07
54597.0000,NaN,7.1405E-07,1.1094E-07,2.5275E-08,5.9308E-08,5.5211E-08,1.3388E-07,4.2695E-07,9.2294E-08,2.1267E-07
54598.0000,NaN,6.9791E-07,1.1025E-07,2.2983E-08,4.4427E-08,6.0184E-08,5.4684E-08,4.2548E-08,4.9577E-08,1.2066E-07
54599.0000,NaN,7.7141E-07,1.1596E-07,2.1871E-08,2.0012E-08,2.8991E-08,8.5119E-08,1.3866E-07,9.6237E-08,2.1247E-07
54600.0000,NaN,8.0153E-07,1.2966E-07,3.8219E-08,2.7829E-08,4.0064E-08,8.2531E-08,5.1444E-08,8.3520E-08,2.9194E-07
54601.0000,NaN,9.4578E-07,1.4777E-07,1.6100E-08,6.8124E-09,4.9376E-08,1.1429E-07,2.5504E-07,8.2992E-08,1.6925E-07
54602.0000,NaN,1.1061E-06,2.0628E-07,8.7943E-08,5.5659E-08,4.3550E-08,1.8835E-07,1.3481E-07,5.8929E-08,1.2016E-07
54603.0000,NaN,1.6151E-06,3.0063E-07,1.7710E-08,1.5989E-09,4.9985E-08,3.2638E-08,4.8762E-08,7.5550E-08,1.7705E-07
54604.0000,NaN,2.3478E-06,4.9260E-07,6.7989E-08,6.4404E-08,9.6190E-08,4.1960E-07,2.5098E-07,1.7096E-07,3.1611E-07
54605.0000,NaN,4.1088E-06,8.4462E-07,1.1385E-07,1.2375E-07,2.5546E-07,1.1910E-07,8.2196E-08,9.8519E-08,2.5999E-07
54606.0000,NaN,6.7132E-06,1.3752E-06,3.4375E-07,2.6623E-07,3.3677E-08,1.9882E-07,6.3375E-07,6.2538E-07,1.4549E-06
54607.0000,NaN,1.3772E-05,2.6603E-06,7.0911E-07,3.7615E-07,6.6696E-08,2.5711E-07,3.0645E-07,4.1530E-07,1.4110E-06
54608.0000,NaN,2.1515E-05,2.7752E-06,7.0127E-07,4.3085E-07,8.8053E-08,1.1004E-07,3.1853E-07,4.5820E-07,9.4435E-07
54609.0000,NaN,3.5838E-05,5.0174E-06,1.5181E-06,2.0220E-06,1.1283E-06,2.6236E-07,1.0531E-07,1.8745E-07,4.5126E-07
54610.0000,NaN,1.0199E-04,1.4013E-05,2.3598E-06,1.3543E-06,4.2549E-07,1.5764E-07,1.8674E-07,2.5667E-07,3.7815E-07
54611.0000,NaN,2.8708E-04,2.8912E-05,3.5947E-06,3.6053E-07,8.7222E-08,3.7107E-08,4.8263E-08,1.1020E-07,2.7382E-07
54612.0000,NaN,4.1855E-05,2.2837E-06,1.8075E-07,7.9928E-08,2.2474E-07,3.5389E-07,3.0746E-07,1.1449E-07,1.8979E-07
54613.0000,NaN,8.0489E-06,1.5898E-06,4.4542E-07,2.2399E-07,3.4402E-07,1.9327E-07,1.8209E-07,1.2960E-07,2.1729E-07
54614.0000,NaN,9.5929E-06,1.4030E-06,1.4883E-07,5.7610E-08,8.8579E-08,9.5487E-08,1.4835E-07,1.5795E-07,2.9413E-07
54615.0000,NaN,9.3055E-06,1.5874E-06,1.4533E-07,6.4766E-08,8.9221E-08,2.0700E-07,3.6182E-07,2.7439E-07,2.0653E-07
54616.0000,NaN,1.7005E-05,2.5845E-06,4.1106E-07,1.3772E-07,2.7905E-07,3.5496E-07,3.4568E-07,3.0912E-07,4.8601E-07
54617.0000,NaN,7.9867E-05,1.5598E-05,1.5479E-06,6.1341E-07,4.2952E-07,5.3994E-07,5.9927E-07,4.4858E-07,9.1142E-07
54618.0000,NaN,2.5235E-04,2.0926E-05,3.2712E-06,2.5418E-06,1.2354E-06,4.5457E-07,4.0464E-07,7.7279E-07,1.4680E-06
54619.0000,NaN,1.0750E-04,3.2354E-06,3.3345E-07,1.4794E-07,1.2883E-07,1.2981E-07,1.2427E-07,1.7389E-07,5.0608E-07
54620.0000,NaN,1.4184E-05,1.1815E-06,2.1659E-07,2.7326E-07,1.6811E-07,1.2728E-07,1.8128E-07,3.8519E-07,5.5011E-07
54621.0000,NaN,1.8285E-05,2.6602E-06,4.8321E-07,4.1796E-07,2.5791E-07,1.9409E-07,1.8885E-07,2.4908E-07,4.5485E-07
54622.0000,NaN,2.9872E-05,3.2474E-06,3.0826E-07,1.2779E-07,1.3055E-07,2.1281E-07,2.2218E-07,1.9796E-07,3.2652E-07
54623.0000,NaN,2.4852E-05,8.6821E-07,1.5167E-07,1.6143E-07,1.9193E-07,2.7102E-07,2.5583E-07,2.0765E-07,3.3706E-07
54624.0000,NaN,2.0481E-05,2.4639E-06,2.0238E-07,1.1725E-07,5.6064E-08,7.7754E-08,9.2680E-08,9.4218E-08,2.0953E-07
54625.0000,NaN,3.4056E-05,2.4013E-06,2.8856E-07,1.1778E-07,7.2931E-08,6.5191E-08,5.9336E-08,6.3451E-08,1.2147E-07
54626.0000,NaN,2.0284E-05,1.0666E-06,1.2914E-07,1.8365E-08,1.7663E-08,6.0765E-08,9.0778E-08,8.3612E-08,1.4031E-07
54627.0000,NaN,6.2781E-06,1.6868E-07,7.4822E-08,1.3514E-07,1.7196E-07,1.0675E-07,1.0985E-07,1.7085E-07,2.9153E-07
54628.0000,NaN,5.5667E-06,5.4284E-07,1.3797E-07,1.1184E-07,1.8494E-07,1.8865E-07,2.3164E-07,2.4168E-07,4.5513E-07
54629.0000,NaN,1.1284E-05,1.1900E-06,1.4330E-07,2.8788E-07,4.3044E-07,3.3273E-07,1.7092E-07,5.0119E-08,1.3408E-07
54630.0000,NaN,1.2973E-05,7.0864E-07,8.8573E-08,7.9774E-08,7.2309E-10,4.1104E-09,1.8493E-07,9.4473E-07,1.0758E-06
54631.0000,NaN,4.1394E-06,1.8816E-07,2.0569E-08,1.0659E-07,3.1028E-08,6.6293E-08,9.0805E-07,4.3030E-07,1.5954E-06
54632.0000,NaN,1.3689E-06,1.2681E-07,1.5093E-08,5.0553E-08,6.1076E-09,7.1744E-08,1.7549E-07,4.0106E-07,1.2058E-06
54633.0000,NaN,1.0868E-06,1.0219E-07,1.2997E-08,5.7215E-08,7.5672E-08,6.1231E-09,1.9066E-07,5.4297E-07,1.8234E-06
54634.0000,NaN,1.2447E-06,1.2972E-07,1.4617E-08,4.7844E-08,1.2483E-08,1.9750E-08,1.3600E-07,1.7441E-07,3.8481E-07
54635.0000,NaN,1.6494E-06,1.2565E-07,1.5013E-08,4.2579E-08,1.7943E-08,4.4726E-08,5.8586E-08,1.3731E-07,3.9667E-07
54636.0000,NaN,1.5104E-06,1.2426E-07,1.4835E-08,3.5707E-08,2.4255E-08,1.5058E-08,7.3064E-08,1.1083E-07,2.2921E-07
54637.0000,NaN,1.6128E-06,1.1976E-07,1.4408E-08,3.2264E-08,1.4070E-08,8.0634E-08,1.7947E-07,1.8894E-07,3.6809E-07
54638.0000,NaN,1.0959E-06,8.0997E-08,3.5717E-08,3.3042E-08,1.9137E-07,2.1901E-07,2.0078E-07,1.8735E-07,3.2715E-07
54639.0000,NaN,1.5859E-06,1.9104E-07,8.2741E-08,9.7447E-08,7.7984E-07,1.5146E-07,1.0587E-07,1.0490E-07,1.9531E-07
54640.0000,NaN,4.5945E-06,3.9774E-07,2.4015E-07,2.3767E-07,4.8881E-07,1.3053E-07,2.2696E-08,3.4432E-08,8.6523E-08
54641.0000,NaN,1.5317E-06,3.6165E-08,2.6459E-08,7.5010E-08,2.6505E-08,4.0917E-08,8.9549E-08,1.0765E-07,1.4117E-07
54642.0000,NaN,3.5607E-09,1.0307E-09,1.1706E-09,5.1425E-09,1.1507E-07,9.1791E-08,5.3766E-08,8.2999E-08,1.9951E-07
54643.0000,NaN,1.7374E-10,1.9233E-09,4.6801E-09,5.8343E-08,1.6580E-07,7.3836E-08,1.2270E-07,1.3028E-07,2.4648E-07
54644.0000,NaN,3.0343E-10,9.1805E-08,1.9519E-07,1.0788E-07,3.7070E-08,4.2821E-08,9.0684E-08,6.0114E-08,1.5870E-07
54645.0000,NaN,1.6873E-09,2.0942E-09,4.6560E-09,7.6461E-09,8.4799E-08,6.2772E-08,7.7950E-08,1.5170E-07,4.3093E-07
54646.0000,NaN,4.1165E-08,3.9587E-08,4.1198E-08,9.8311E-08,6.4657E-08,1.0477E-07,1.0433E-07,1.5798E-07,6.0404E-07
54647.0000,NaN,2.6557E-08,1.6627E-08,4.1466E-08,1.6343E-07,3.2658E-08,7.0181E-08,8.5915E-08,9.5469E-08,2.6917E-07
54648.0000,NaN,7.1100E-08,4.3796E-08,5.1317E-08,9.6209E-08,1.4911E-08,8.3246E-08,1.0598E-07,8.2783E-07,1.9670E-06
54649.0000,NaN,2.6056E-07,9.5486E-08,3.5943E-09,1.7930E-08,2.2016E-07,2.2455E-07,1.3472E-07,2.3798E-07,8.3056E-07
54650.0000,NaN,4.0625E-07,2.5705E-07,6.9504E-08,1.6877E-07,7.6970E-08,1.2612E-07,1.0535E-07,1.2024E-07,2.3635E-07
54651.0000,NaN,2.4225E-06,9.5639E-07,3.8014E-07,9.9632E-08,8.7249E-08,7.2260E-08,6.9557E-08,1.6227E-07,3.6464E-07
54652.0000,NaN,1.2903E-05,1.0300E-06,2.2487E-07,9.5891E-08,9.7251E-08,1.0517E-07,1.0733E-07,1.3565E-07,3.3563E-07
54653.0000,NaN,1.4316E-05,1.0640E-06,1.2694E-07,1.0447E-07,1.7759E-07,2.1363E-07,2.0847E-07,1.9667E-07,3.1460E-07
54654.0000,NaN,3.1403E-05,4.3755E-06,6.3024E-07,1.7544E-07,9.7037E-08,1.3539E-07,1.5841E-07,1.2413E-07,2.4956E-07
54655.0000,NaN,6.5384E-05,7.5088E-06,1.4619E-06,2.6046E-07,1.1052E-07,7.6789E-08,7.1311E-08,8.9294E-08,1.8963E-07
54656.0000,NaN,6.0999E-05,1.1451E-06,8.8233E-08,6.4546E-08,5.3194E-08,6.9168E-08,8.7435E-08,1.1969E-07,2.1156E-07
54657.0000,NaN,5.6460E-07,1.1860E-07,2.3133E-07,1.8373E-07,1.1902E-07,1.3846E-07,1.9193E-07,2.7491E-07,4.3764E-07
54658.0000,NaN,2.7608E-07,1.5862E-07,8.7162E-08,5.7874E-08,3.8205E-07,5.5659E-07,6.0066E-07,6.3678E-07,1.0340E-06
54659.0000,NaN,5.6035E-07,8.7019E-08,2.1442E-08,2.5215E-08,2.3900E-08,2.2415E-08,3.6749E-08,9.1982E-08,1.9224E-07
54660.0000,NaN,8.1643E-07,5.6250E-08,2.6317E-09,2.7146E-09,4.7300E-09,2.3308E-08,8.3649E-08,2.4595E-07,4.6876E-07
54661.0000,NaN,1.0748E-06,9.0741E-08,1.2862E-08,1.1600E-08,7.0765E-08,1.4957E-07,1.7634E-07,2.2692E-07,3.5137E-07
54662.0000,NaN,4.6162E-06,5.2721E-07,7.0346E-08,6.9288E-08,2.0132E-07,3.3649E-07,2.3366E-07,1.6859E-07,2.2139E-07
54663.0000,NaN,1.1034E-05,6.2412E-07,4.7651E-07,6.9664E-07,6.3117E-07,4.4672E-07,2.3222E-07,1.0700E-07,1.7488E-07
54664.0000,NaN,1.1924E-05,1.1421E-06,1.1181E-06,8.1278E-07,3.9315E-07,1.0935E-07,7.2400E-08,9.7857E-08,1.8039E-07
54665.0000,NaN,5.8455E-06,4.7001E-07,1.3585E-07,5.4062E-08,8.5495E-08,7.9527E-08,4.9223E-08,5.1866E-08,1.5186E-07
54666.0000,NaN,1.1658E-06,1.0223E-07,7.5676E-08,4.6003E-08,1.0566E-07,5.4999E-08,4.1435E-08,5.2423E-08,9.4548E-08
54667.0000,NaN,5.7310E-07,1.0189E-07,9.2712E-08,3.5787E-08,4.1234E-08,3.0345E-08,2.5203E-08,3.9791E-08,9.3487E-08
54668.0000,NaN,6.5980E-07,1.6539E-07,5.7515E-08,1.1148E-08,2.6631E-08,2.3981E-08,3.1601E-08,5.4812E-08,1.1137E-07
54669.0000,NaN,1.1757E-06,1.3852E-07,9.9315E-08,5.0621E-08,1.2617E-07,3.5496E-08,3.4782E-08,6.2126E-08,1.3888E-07
54670.0000,NaN,2.4480E-06,4.7265E-07,3.5966E-07,4.8039E-07,1.3344E-07,1.0130E-07,2.0970E-07,4.2805E-07,6.0764E-07
54671.0000,NaN,7.1227E-06,1.0248E-06,3.7106E-07,1.6935E-07,1.0899E-07,7.7314E-08,1.2295E-07,1.9014E-07,7.0381E-07
54672.0000,NaN,2.2181E-05,1.8983E-06,1.7176E-07,1.5636E-07,8.1091E-08,6.5622E-08,5.4727E-08,6.9714E-08,1.8990E-07
54673.0000,NaN,7.2497E-06,7.2075E-07,1.0350E-07,1.1412E-07,9.7614E-08,1.0006E-07,1.6192E-07,2.9225E-07,4.8256E-07
54674.0000,NaN,7.3232E-06,1.2420E-06,6.4618E-08,6.1263E-08,6.5653E-08,8.8712E-08,1.1108E-07,1.6637E-07,5.1495E-07
54675.0000,NaN,5.3582E-06,4.5414E-07,8.5020E-08,9.3249E-08,9.4220E-08,1.0807E-07,1.3067E-07,1.5026E-07,2.8441E-07
54676.0000,NaN,1.5563E-06,1.1551E-07,1.8898E-08,2.9702E-08,3.5920E-08,3.9917E-08,5.2647E-08,9.2236E-08,2.1434E-07
54677.0000,NaN,4.8544E-06,7.9403E-07,4.2253E-07,8.2100E-07,7.4888E-07,6.1987E-07,6.8542E-07,8.3110E-07,1.0879E-06
54678.0000,NaN,9.9087E-05,1.2972E-05,8.0769E-07,5.5285E-07,1.2998E-06,2.3261E-06,3.1125E-06,3.8929E-06,6.3753E-06
54679.0000,NaN,6.8731E-04,9.7687E-05,1.8292E-05,1.9016E-06,1.5906E-07,5.2838E-08,3.3667E-08,3.7838E-08,7.4882E-07
54680.0000,NaN,9.8946E-05,4.6785E-06,2.8438E-07,6.8549E-08,4.7815E-08,3.5753E-08,3.1714E-08,4.8376E-07,2.7376E-06
54681.0000,NaN,7.0012E-06,6.7450E-07,6.4170E-08,8.5351E-09,4.6442E-09,3.2213E-08,4.5496E-07,8.7528E-07,1.1522E-06
54682.0000,NaN,1.0883E-06,1.6896E-07,4.2403E-08,1.7844E-08,2.6218E-08,2.3719E-07,4.2104E-07,1.3186E-07,3.7556E-07
54683.0000,NaN,7.0764E-07,1.4978E-07,5.9612E-08,5.7743E-08,4.0393E-08,5.5651E-08,1.0905E-08,2.2931E-07,7.2995E-07
54684.0000,NaN,1.5316E-06,3.3964E-07,1.1144E-07,4.9343E-08,4.8209E-08,7.7309E-08,1.1389E-06,3.6298E-07,6.6864E-07
54685.0000,NaN,1.0498E-05,2.1800E-06,3.8775E-07,1.0691E-07,1.0704E-07,3.2003E-07,6.6225E-07,1.7046E-07,3.2588E-07
54686.0000,NaN,7.7892E-05,1.2076E-05,6.2828E-07,1.2060E-07,9.7656E-08,8.3515E-08,9.1164E-08,1.4203E-07,4.4720E-07
54687.0000,NaN,1.8179E-04,8.9644E-06,9.2438E-07,2.9414E-07,8.3778E-08,6.4141E-08,1.6406E-07,1.6079E-07,3.3076E-07
54688.0000,NaN,1.3655E-04,1.2330E-05,8.3193E-07,2.9217E-07,3.9535E-07,3.0629E-07,2.3442E-07,2.3277E-07,4.8468E-07
54689.0000,NaN,2.4850E-04,2.4307E-05,2.6528E-06,6.1714E-07,4.3099E-07,3.5797E-07,2.4372E-07,2.4251E-07,6.0631E-07
54690.0000,NaN,2.7937E-04,2.0814E-05,4.4064E-06,1.1603E-06,3.3218E-07,2.0534E-07,1.2815E-07,9.0060E-08,2.5994E-07
54691.0000,NaN,1.2310E-04,3.7493E-06,5.5228E-07,1.3094E-07,5.1291E-08,6.7094E-08,2.1528E-07,3.7629E-07,6.4006E-07
54692.0000,NaN,1.2740E-05,7.3023E-07,1.3819E-07,4.8381E-08,5.5382E-08,1.3771E-07,8.7943E-08,8.3945E-08,3.3761E-07
54693.0000,NaN,4.7511E-06,5.6935E-07,1.2595E-07,8.5456E-08,8.3513E-08,7.1501E-08,7.5559E-08,4.0645E-08,8.0192E-08
54694.0000,NaN,4.6278E-06,4.8301E-07,8.2253E-08,3.9236E-08,5.6515E-08,1.2936E-07,1.8535E-07,2.5908E-07,5.2933E-07
54695.0000,NaN,4.0525E-06,5.5150E-07,3.7568E-07,3.4878E-07,3.1908E-07,4.7521E-07,3.0872E-07,4.3787E-07,1.1631E-06
54696.0000,NaN,1.0700E-04,1.2183E-05,1.0636E-06,5.4233E-07,5.2473E-07,5.5647E-07,5.7866E-07,6.3434E-07,1.0542E-06
54697.0000,NaN,1.0529E-03,1.9708E-04,2.9875E-05,3.8817E-06,1.0292E-06,4.2719E-07,2.8127E-07,2.5344E-07,8.0680E-07
54698.0000,NaN,2.3707E-04,3.6489E-06,9.2488E-07,3.7756E-07,2.4312E-07,3.1223E-07,5.2572E-07,6.7271E-07,1.0371E-06
54699.0000,NaN,7.2931E-06,2.2586E-06,3.9237E-06,2.7416E-06,1.5833E-06,1.3745E-06,1.2208E-06,1.3216E-06,2.3742E-06
54700.0000,NaN,4.2534E-05,7.6174E-06,2.3287E-06,3.5789E-07,7.1124E-07,9.2972E-07,9.1471E-07,1.2992E-06,4.0042E-06
54701.0000,NaN,1.3309E-04,3.1756E-05,3.6445E-06,2.4418E-07,1.1060E-07,1.3060E-08,5.1391E-09,2.6949E-07,1.4805E-06
54702.0000,NaN,2.2656E-04,2.6287E-05,7.8566E-06,1.1307E-06,9.6824E-07,5.4169E-08,8.7883E-09,3.5673E-07,1.2196E-06
54703.0000,NaN,2.7150E-04,2.7534E-05,3.5715E-06,5.1764E-07,8.2995E-07,1.1321E-06,1.5448E-08,2.8745E-07,1.4642E-06
54704.0000,NaN,2.7995E-04,2.4998E-05,5.2899E-06,1.0580E-06,1.0009E-06,8.5708E-07,6.0637E-07,4.3699E-07,1.3718E-06
54705.0000,NaN,3.2878E-04,2.8465E-05,3.1026E-06,7.0914E-07,7.2288E-07,1.2526E-06,8.8770E-07,1.9456E-07,6.3568E-07
54706.0000,NaN,3.7818E-04,3.2945E-05,4.2339E-06,1.0790E-06,6.2865E-07,5.0596E-07,3.8101E-07,1.0456E-06,1.5028E-06
54707.0000,NaN,4.6299E-04,3.9663E-05,4.2965E-06,1.1021E-06,7.2591E-07,1.3047E-06,1.6720E-06,1.4759E-06,2.4953E-06
54708.0000,NaN,5.6505E-04,5.0930E-05,5.5673E-06,1.2985E-06,5.3981E-07,3.6842E-07,2.4287E-07,2.5270E-07,5.1208E-07
54709.0000,NaN,5.8071E-04,2.9220E-05,3.3655E-06,7.4129E-07,1.9672E-07,5.4982E-08,2.0776E-09,1.6404E-07,7.3283E-07
54710.0000,NaN,1.3015E-04,6.8668E-06,7.2940E-07,1.8394E-07,6.8173E-08,5.9499E-08,5.1346E-07,3.0524E-07,3.8925E-07
54711.0000,NaN,6.6042E-05,8.5585E-06,1.2433E-06,5.3462E-07,3.5956E-07,3.2068E-07,1.8077E-07,4.5995E-07,1.3057E-06
54712.0000,NaN,1.2301E-04,1.4380E-05,1.3469E-06,2.8854E-07,1.8226E-07,1.6071E-07,1.1176E-07,1.6075E-07,5.7989E-07
54713.0000,NaN,1.5719E-04,7.1028E-06,6.8513E-07,1.1302E-07,1.1979E-08,1.7344E-08,5.2553E-08,1.9944E-07,6.6743E-07
54714.0000,NaN,4.5948E-05,2.7232E-06,2.4408E-07,7.7648E-08,2.0978E-07,1.0979E-07,4.5877E-08,6.1474E-08,3.3053E-07
54715.0000,NaN,5.3309E-05,7.4222E-06,8.9267E-07,2.4947E-07,1.1265E-07,9.2601E-08,1.2421E-07,3.9850E-07,1.2477E-06
54716.0000,NaN,9.9286E-05,8.4548E-06,9.2104E-07,2.6283E-07,2.2541E-07,1.0346E-07,7.9477E-08,1.3730E-07,8.5446E-07
54717.0000,NaN,1.0398E-04,5.3073E-06,5.2657E-07,1.0276E-07,3.7543E-08,1.4373E-08,1.0585E-07,8.9744E-07,2.5028E-06
54718.0000,NaN,2.7705E-05,1.1487E-06,9.9575E-08,2.2402E-08,5.8382E-08,4.0463E-07,1.0995E-07,1.5529E-07,7.2177E-07
54719.0000,NaN,9.8713E-06,1.1064E-06,1.7850E-07,1.1037E-07,2.2829E-07,8.2782E-08,3.0857E-08,4.3594E-07,2.0795E-06
54720.0000,NaN,1.6847E-05,1.8823E-06,1.4083E-07,3.5963E-08,2.0130E-08,1.1606E-07,2.4341E-08,4.8333E-08,1.6872E-07
54721.0000,NaN,2.2383E-05,1.1068E-06,1.3491E-07,1.1285E-07,3.8852E-08,5.2800E-08,1.0468E-08,8.7218E-07,6.3293E-06
54722.0000,NaN,1.5700E-05,1.5175E-06,1.2687E-07,5.0821E-08,1.0244E-07,5.6359E-07,4.1916E-07,5.0042E-07,1.1776E-06
54723.0000,NaN,4.4289E-05,6.1937E-06,7.9835E-07,5.0327E-07,3.4744E-07,8.9316E-07,2.0928E-07,5.4693E-07,4.1159E-06
54724.0000,NaN,1.3317E-04,1.5745E-05,4.5316E-06,1.6725E-06,3.0002E-07,1.1221E-07,4.5065E-07,2.8398E-07,8.5500E-07
54725.0000,NaN,4.4511E-05,1.5740E-06,2.0698E-07,3.8009E-08,1.4076E-08,9.3286E-08,6.6562E-08,1.5244E-07,9.3985E-07
54726.0000,NaN,4.1281E-06,3.0334E-07,8.2907E-08,9.0168E-08,2.0813E-07,2.0892E-07,6.3164E-07,5.1359E-07,9.7016E-07
54727.0000,NaN,2.6953E-06,5.1797E-07,3.6658E-07,4.9644E-07,1.1217E-07,1.4998E-07,9.7501E-08,1.4714E-07,6.0412E-07
54728.0000,NaN,7.5290E-06,1.2814E-06,1.2466E-07,2.1063E-08,4.7011E-08,9.0770E-08,3.3249E-07,4.3740E-07,6.8341E-07
54729.0000,NaN,8.5275E-06,5.5244E-07,1.3375E-07,1.1895E-07,5.2289E-08,6.2245E-08,7.3549E-08,1.0218E-07,3.6328E-07
54730.0000,NaN,4.4490E-06,4.5088E-07,8.7067E-08,2.8938E-08,6.0414E-09,3.2321E-09,2.1460E-09,9.2280E-10,3.7818E-08
54731.0000,NaN,3.7053E-06,2.6141E-07,4.0962E-08,3.4670E-08,2.4001E-09,1.8590E-10,1.1232E-10,4.3043E-11,9.5774E-10
54732.0000,NaN,2.3354E-06,1.9233E-07,3.3846E-08,1.9982E-08,6.1159E-09,4.4215E-10,5.6689E-11,4.1704E-11,2.4888E-11
54733.0000,NaN,2.1819E-06,1.9689E-07,2.9029E-08,2.8660E-08,8.4278E-09,3.3874E-09,2.4728E-10,2.4401E-10,3.3874E-11
54734.0000,NaN,2.8572E-06,2.8894E-07,4.0815E-08,2.8134E-08,1.2657E-08,5.7475E-09,4.7132E-09,2.9452E-09,3.0517E-10
54735.0000,NaN,5.1497E-06,5.1072E-07,6.1532E-08,3.2761E-08,1.1128E-08,1.0563E-08,2.4831E-08,1.3419E-08,1.3622E-08
54736.0000,NaN,8.0146E-06,7.4523E-07,9.0317E-08,2.4398E-08,4.5175E-08,8.9654E-08,1.0541E-07,7.9203E-08,4.2867E-08
54737.0000,NaN,8.6951E-06,5.8191E-07,5.7612E-08,1.2456E-08,3.8332E-09,1.9949E-09,7.2005E-10,1.7398E-10,1.6925E-09
54738.0000,NaN,4.6158E-06,2.5468E-07,2.4210E-08,5.1231E-09,3.9783E-09,5.6016E-10,4.6104E-11,2.0693E-11,5.9588E-11
54739.0000,NaN,2.0608E-06,1.4698E-07,1.4353E-08,3.5539E-09,2.7013E-09,1.6576E-09,7.6456E-11,2.1213E-11,3.2771E-11
54740.0000,NaN,1.3895E-06,1.2044E-07,1.1763E-08,2.8668E-09,2.6303E-09,2.7749E-09,2.3170E-10,2.5446E-11,2.7453E-11
54741.0000,NaN,1.4229E-06,1.2782E-07,1.2521E-08,3.1508E-09,2.4044E-09,3.0016E-09,1.0041E-09,5.0818E-11,2.8333E-11
54742.0000,NaN,1.7267E-06,1.5398E-07,1.5586E-08,3.8362E-09,2.6148E-09,3.5276E-09,2.6256E-09,2.5889E-10,4.3233E-11
54743.0000,NaN,2.3067E-06,2.0199E-07,2.1896E-08,5.3744E-09,2.8333E-09,3.8123E-09,2.3850E-09,1.7092E-09,2.4885E-10
54744.0000,NaN,2.8629E-06,2.4609E-07,2.7084E-08,6.5033E-09,2.7976E-09,2.3494E-09,1.3509E-09,2.3114E-09,1.3000E-09
54745.0000,NaN,3.1848E-06,2.4737E-07,2.5943E-08,5.7662E-09,2.0058E-09,1.0909E-09,7.6868E-10,5.6389E-10,1.9145E-09
54746.0000,NaN,2.7786E-06,2.0206E-07,2.0373E-08,4.5937E-09,1.6011E-09,6.6833E-10,3.6707E-10,3.4140E-10,1.0855E-09
54747.0000,NaN,2.2383E-06,1.6610E-07,1.6577E-08,3.7483E-09,1.3496E-09,6.4079E-10,3.6358E-10,3.3025E-10,6.9931E-10
54748.0000,NaN,1.9031E-06,1.4909E-07,1.4834E-08,3.4109E-09,1.1865E-09,5.0940E-10,2.6728E-10,3.3280E-10,5.4831E-10
54749.0000,NaN,1.8234E-06,1.4411E-07,1.4404E-08,3.2622E-09,1.1162E-09,4.3721E-10,2.0602E-10,3.0641E-10,5.0808E-10
54750.0000,NaN,1.7720E-06,1.3794E-07,1.3928E-08,3.1233E-09,1.0533E-09,4.0384E-10,1.7763E-10,2.3929E-10,4.2673E-10
54751.0000,NaN,1.6832E-06,1.2961E-07,1.3078E-08,2.9375E-09,9.8565E-10,3.7674E-10,1.6082E-10,2.4357E-10,3.9450E-10
54752.0000,NaN,1.5401E-06,1.1666E-07,1.1691E-08,2.5912E-09,8.4761E-10,3.0484E-10,1.2698E-10,1.8265E-10,3.0085E-10
54753.0000,NaN,1.3686E-06,1.0369E-07,1.0352E-08,2.3206E-09,7.8250E-10,3.0435E-10,1.3245E-10,2.2154E-10,2.2043E-10
54754.0000,NaN,1.2184E-06,9.3202E-08,9.2943E-09,2.0857E-09,7.0123E-10,2.7112E-10,1.2167E-10,1.8993E-10,1.9695E-10
54755.0000,NaN,1.1184E-06,8.7211E-08,8.7316E-09,1.9745E-09,6.6291E-10,2.5250E-10,1.3349E-10,2.7451E-10,1.4971E-10
54756.0000,NaN,1.0551E-06,8.1061E-08,8.0984E-09,1.7842E-09,5.7711E-10,1.9584E-10,7.4506E-11,2.2529E-10,1.2387E-10
54757.0000,NaN,9.7215E-07,7.4725E-08,7.4785E-09,1.6558E-09,5.4043E-10,2.1395E-10,1.0398E-10,2.9942E-10,1.4223E-10
54758.0000,NaN,8.9766E-07,6.9210E-08,6.9498E-09,1.5626E-09,5.1842E-10,2.0161E-10,1.0044E-10,2.8616E-10,1.5569E-10
54759.0000,NaN,8.3552E-07,6.4962E-08,6.5098E-09,1.4552E-09,4.8415E-10,1.7110E-10,7.9890E-11,2.7413E-10,1.6363E-10
54760.0000,NaN,7.8166E-07,5.9502E-08,5.9454E-09,1.3017E-09,4.1771E-10,1.5247E-10,5.9997E-11,1.6623E-10,1.2039E-10
54761.0000,NaN,7.0209E-07,5.3416E-08,5.3320E-09,1.1976E-09,4.1069E-10,1.6563E-10,9.4450E-11,1.7636E-10,9.6528E-11
54762.0000,NaN,6.3949E-07,4.9827E-08,5.0166E-09,1.1469E-09,3.9872E-10,1.6353E-10,8.6796E-11,2.0747E-10,8.9439E-11
54763.0000,NaN,6.0609E-07,4.7292E-08,4.7223E-09,1.0426E-09,3.3606E-10,1.1869E-10,8.2935E-11,1.9917E-10,9.0465E-11
54764.0000,NaN,5.7319E-07,4.3834E-08,4.4058E-09,9.8151E-10,3.3145E-10,1.3223E-10,6.7224E-11,1.8005E-10,8.1418E-11
54765.0000,NaN,5.2370E-07,4.0399E-08,4.0405E-09,8.9856E-10,2.9502E-10,1.0925E-10,7.7537E-11,1.3306E-10,6.8527E-11
54766.0000,NaN,4.8581E-07,3.7362E-08,3.7524E-09,8.4688E-10,2.9207E-10,1.2271E-10,8.2900E-11,1.7599E-10,6.4627E-11
54767.0000,NaN,4.5066E-07,3.5214E-08,3.5328E-09,7.9148E-10,2.6411E-10,1.0231E-10,6.9145E-11,1.4700E-10,6.2909E-11
54768.0000,NaN,4.2923E-07,3.3132E-08,3.3318E-09,7.4617E-10,2.5401E-10,1.0876E-10,8.5330E-11,1.7722E-10,6.2921E-11
54769.0000,NaN,4.0102E-07,3.1282E-08,3.1475E-09,7.0582E-10,2.3571E-10,9.1609E-11,6.1165E-11,1.3275E-10,6.0360E-11
54770.0000,NaN,3.7814E-07,2.8804E-08,2.8786E-09,6.3168E-10,2.0817E-10,9.1751E-11,9.8158E-11,1.2261E-10,5.4178E-11
54771.0000,NaN,3.4538E-07,2.7034E-08,2.7310E-09,6.2794E-10,2.1979E-10,9.5124E-11,8.0855E-11,1.3116E-10,5.2774E-11
54772.0000,NaN,3.2908E-07,2.5330E-08,2.5314E-09,5.5707E-10,1.8222E-10,7.6394E-11,1.4505E-10,1.1932E-10,5.0405E-11
54773.0000,NaN,3.0431E-07,2.3581E-08,2.3783E-09,5.4806E-10,1.9974E-10,9.3286E-11,9.7194E-11,1.0612E-10,4.7421E-11
54774.0000,NaN,2.8648E-07,2.2224E-08,2.2371E-09,5.0510E-10,1.7348E-10,7.6648E-11,1.5854E-10,1.0101E-10,4.4162E-11
54775.0000,NaN,2.6762E-07,2.0638E-08,2.0737E-09,4.7696E-10,1.8735E-10,9.9880E-11,1.0424E-10,9.2193E-11,4.1735E-11
54776.0000,NaN,2.5090E-07,1.9631E-08,1.9924E-09,4.5956E-10,1.6366E-10,7.6025E-11,1.5521E-10,8.6809E-11,3.8982E-11
54777.0000,NaN,2.3823E-07,1.8398E-08,1.8442E-09,4.1773E-10,1.6746E-10,1.1162E-10,1.1176E-10,8.7386E-11,3.7918E-11
54778.0000,NaN,2.2430E-07,1.7612E-08,1.8000E-09,4.2144E-10,1.5291E-10,7.4578E-11,1.7069E-10,8.1839E-11,3.6219E-11
54779.0000,NaN,2.1362E-07,1.6380E-08,1.6321E-09,3.5882E-10,1.3434E-10,1.2048E-10,1.2419E-10,7.6362E-11,3.4857E-11
54780.0000,NaN,1.9795E-07,1.5487E-08,1.5913E-09,3.8620E-10,1.4775E-10,7.9159E-11,1.7489E-10,7.4743E-11,3.3481E-11
54781.0000,NaN,1.9021E-07,1.4986E-08,1.5112E-09,3.4661E-10,1.3081E-10,1.3184E-10,1.2858E-10,7.7256E-11,3.3167E-11
54782.0000,NaN,1.8490E-07,1.4473E-08,1.4878E-09,3.6028E-10,1.3743E-10,7.6831E-11,1.5672E-10,7.9247E-11,3.2822E-11
54783.0000,NaN,1.7749E-07,1.3897E-08,1.4083E-09,3.2198E-10,1.2036E-10,1.3079E-10,1.0383E-10,7.7069E-11,3.2616E-11
54784.0000,NaN,1.6971E-07,1.3160E-08,1.3485E-09,3.3150E-10,1.3190E-10,7.1786E-11,1.2589E-10,7.2794E-11,3.1647E-11
54785.0000,NaN,1.5962E-07,1.2467E-08,1.2582E-09,2.8604E-10,1.0556E-10,1.3185E-10,8.8009E-11,6.6082E-11,3.0482E-11
54786.0000,NaN,1.5165E-07,1.1733E-08,1.1972E-09,2.9782E-10,1.2609E-10,6.8869E-11,1.0417E-10,6.0706E-11,2.8855E-11
