"",8.000
54421.0000,0.0000E+00
54422.0000,-9.5734E+01
54423.0000,0.0000E+00
54424.0000,0.0000E+00
54425.0000,0.0000E+00
54426.0000,0.0000E+00
54427.0000,0.0000E+00
54428.0000,0.0000E+00
54429.0000,0.0000E+00
54430.0000,0.0000E+00
54431.0000,0.0000E+00
54432.0000,0.0000E+00
54433.0000,0.0000E+00
54434.0000,0.0000E+00
54435.0000,0.0000E+00
54436.0000,0.0000E+00
54437.0000,0.0000E+00
54438.0000,0.0000E+00
54439.0000,0.0000E+00
54440.0000,0.0000E+00
54441.0000,0.0000E+00
54442.0000,0.0000E+00
54443.0000,0.0000E+00
54444.0000,0.0000E+00
54445.0000,0.0000E+00
54446.0000,0.0000E+00
54447.0000,0.0000E+00
54448.0000,0.0000E+00
54449.0000,0.0000E+00
54450.0000,0.0000E+00
54451.0000,0.0000E+00
54452.0000,0.0000E+00
54453.0000,0.0000E+00
54454.0000,0.0000E+00
54455.0000,0.0000E+00
54456.0000,0.0000E+00
54457.0000,0.0000E+00
54458.0000,0.0000E+00
54459.0000,0.0000E+00
54460.0000,0.0000E+00
54461.0000,0.0000E+00
54462.0000,0.0000E+00
54463.0000,0.0000E+00
54464.0000,0.0000E+00
54465.0000,0.0000E+00
54466.0000,0.0000E+00
54467.0000,0.0000E+00
54468.0000,0.0000E+00
54469.0000,0.0000E+00
54470.0000,0.0000E+00
54471.0000,0.0000E+00
54472.0000,0.0000E+00
54473.0000,0.0000E+00
54474.0000,0.0000E+00
54475.0000,0.0000E+00
54476.0000,0.0000E+00
54477.0000,0.0000E+00
54478.0000,0.0000E+00
54479.0000,0.0000E+00
54480.0000,0.0000E+00
54481.0000,0.0000E+00
54482.0000,0.0000E+00
54483.0000,0.0000E+00
54484.0000,0.0000E+00
54485.0000,0.0000E+00
54486.0000,0.0000E+00
54487.0000,0.0000E+00
54488.0000,0.0000E+00
54489.0000,0.0000E+00
54490.0000,0.0000E+00
54491.0000,0.0000E+00
54492.0000,0.0000E+00
54493.0000,0.0000E+00
54494.0000,0.0000E+00
54495.0000,0.0000E+00
54496.0000,0.0000E+00
54497.0000,1.7860E+00
54498.0000,1.4504E+00
54499.0000,1.2274E+01
54500.0000,0.0000E+00
54501.0000,0.0000E+00
54502.0000,0.0000E+00
54503.0000,0.0000E+00
54504.0000,0.0000E+00
54505.0000,0.0000E+00
54506.0000,0.0000E+00
54507.0000,0.0000E+00
54508.0000,0.0000E+00
54509.0000,0.0000E+00
54510.0000,0.0000E+00
54511.0000,2.4969E+00
54512.0000,1.9973E+00
54513.0000,3.2022E+00
54514.0000,8.1064E+00
54515.0000,2.4737E+00
54516.0000,2.0454E+00
54517.0000,1.5471E+01
54518.0000,6.4590E+00
54519.0000,1.4122E+01
54520.0000,7.7856E+00
54521.0000,6.2714E+00
54522.0000,1.1212E+01
54523.0000,1.4136E+01
54524.0000,8.8828E+00
54525.0000,1.5519E+01
54526.0000,1.4848E+01
54527.0000,3.3475E+01
54528.0000,5.0536E+00
54529.0000,0.0000E+00
54530.0000,0.0000E+00
54531.0000,0.0000E+00
54532.0000,1.7569E+00
54533.0000,1.0443E+00
54534.0000,7.8338E+00
54535.0000,9.7885E+00
54536.0000,1.3733E+01
54537.0000,2.0524E+01
54538.0000,8.2998E+00
54539.0000,3.6181E+01
54540.0000,2.2648E+01
54541.0000,1.7838E+01
54542.0000,6.9890E+00
54543.0000,6.3703E+00
54544.0000,7.9408E+00
54545.0000,6.1123E+00
54546.0000,8.9798E+00
54547.0000,2.2170E+01
54548.0000,1.7487E+01
54549.0000,1.1159E+01
54550.0000,-6.4736E+00
54551.0000,-1.0526E+01
54552.0000,-4.6959E+00
54553.0000,-8.8641E+00
54554.0000,3.3092E+00
54555.0000,-1.3524E+00
54556.0000,-1.6574E-01
54557.0000,-4.9882E+00
54558.0000,5.7517E-01
54559.0000,1.7419E+00
54560.0000,-9.1575E-01
54561.0000,-3.1738E-01
54562.0000,-6.7643E+00
54563.0000,-1.7781E+01
54564.0000,-2.9716E+01
54565.0000,-3.7708E+01
54566.0000,-2.7346E+01
54567.0000,-2.8269E+01
54568.0000,-2.5698E+01
54569.0000,-2.5787E+01
54570.0000,-2.1561E+01
54571.0000,-6.6532E+00
54572.0000,-8.1124E+00
54573.0000,-1.3092E+01
54574.0000,-1.7647E+01
54575.0000,-1.3751E+01
54576.0000,-1.2274E+01
54577.0000,-1.5146E+01
54578.0000,-2.7117E+01
54579.0000,-2.8942E+01
54580.0000,-2.1581E+01
54581.0000,-1.8312E+01
54582.0000,-2.8721E+01
54583.0000,-4.1338E+01
54584.0000,-2.7700E+01
54585.0000,-2.9673E+01
54586.0000,-2.0683E+01
54587.0000,-9.4743E+00
54588.0000,-7.8044E+00
54589.0000,-6.1175E+01
54590.0000,-5.4599E+01
54591.0000,-2.8375E+01
54592.0000,-1.1879E+01
54593.0000,-1.0042E+01
54594.0000,-1.2322E+01
54595.0000,-1.8135E+01
54596.0000,-2.9820E+01
54597.0000,-2.1287E+01
54598.0000,-1.3612E+01
54599.0000,-1.6881E+01
54600.0000,-1.8946E+01
54601.0000,-3.4094E+01
54602.0000,-1.4393E+01
54603.0000,-1.5977E+01
54604.0000,-9.6750E+00
54605.0000,-1.8895E+01
54606.0000,-3.5618E+01
54607.0000,-2.8835E+01
54608.0000,-2.9621E+01
54609.0000,-2.9004E+01
54610.0000,-1.9283E+01
54611.0000,-1.0653E+01
54612.0000,-1.9683E+01
54613.0000,-1.3489E+01
54614.0000,-2.2862E+01
54615.0000,-1.7286E+01
54616.0000,-3.3725E+01
54617.0000,-2.8194E+01
54618.0000,-2.1933E+01
54619.0000,-2.4801E+01
54620.0000,-2.4950E+01
54621.0000,-2.4880E+01
54622.0000,-1.2406E+01
54623.0000,-1.3603E+01
54624.0000,-2.7359E+01
54625.0000,-1.5250E+01
54626.0000,-2.3829E+01
54627.0000,-2.2016E+01
54628.0000,-6.5962E+00
54629.0000,-1.0277E+01
54630.0000,-1.9285E+01
54631.0000,-9.5249E+00
54632.0000,-1.7134E+01
54633.0000,-1.5655E+01
54634.0000,-1.3782E+01
54635.0000,-1.6599E+01
54636.0000,-1.8821E+01
54637.0000,-2.2380E+01
54638.0000,-1.7554E+01
54639.0000,-1.1901E+01
54640.0000,-3.0924E+00
54641.0000,-6.2891E+00
54642.0000,-1.3046E+01
54643.0000,-2.5198E+01
54644.0000,-1.2481E+01
54645.0000,-1.5643E+01
54646.0000,-2.8330E+00
54647.0000,-6.0278E+00
54648.0000,-1.1704E+01
54649.0000,-1.2819E+01
54650.0000,-2.8141E+01
54651.0000,-2.5816E+01
54652.0000,-1.6888E+01
54653.0000,-1.0483E+01
54654.0000,-2.0222E+01
54655.0000,-1.8119E+01
54656.0000,-2.8037E+01
54657.0000,-2.1140E+01
54658.0000,-2.2719E+01
54659.0000,-2.3898E+01
54660.0000,-2.3622E+01
54661.0000,-2.6373E+01
54662.0000,-1.6996E+01
54663.0000,-1.5551E+01
54664.0000,-1.1009E+01
54665.0000,-1.3044E+01
54666.0000,-1.5127E+01
54667.0000,-1.3623E+01
54668.0000,-7.5912E+00
54669.0000,-5.1361E+00
54670.0000,-1.2152E+01
54671.0000,-1.2571E+01
54672.0000,-1.5717E+01
54673.0000,-1.3895E+01
54674.0000,-8.2379E+00
54675.0000,-1.2044E+00
54676.0000,-7.2228E+00
54677.0000,-1.5615E+01
54678.0000,-2.3165E+01
54679.0000,-2.1432E+01
54680.0000,-1.3424E+01
54681.0000,-1.0071E+01
54682.0000,-1.0761E+01
54683.0000,-1.9728E+01
54684.0000,-1.2129E+01
54685.0000,-8.1453E+00
54686.0000,2.1143E+00
54687.0000,-6.0710E+00
54688.0000,-2.6180E+01
54689.0000,-1.3135E+01
54690.0000,-1.9460E+01
54691.0000,-2.1927E+01
54692.0000,-1.3833E+01
54693.0000,-1.1371E+01
54694.0000,-1.5430E+01
54695.0000,-1.9232E+01
54696.0000,-9.5039E+00
54697.0000,1.8174E+00
54698.0000,3.7915E+00
54699.0000,1.2528E+01
54700.0000,1.7292E+00
54701.0000,-5.9564E+00
54702.0000,-5.6016E+00
54703.0000,-4.4443E+00
54704.0000,-8.0072E+00
54705.0000,-4.9572E+00
54706.0000,-9.1711E+00
54707.0000,-3.9173E+00
54708.0000,-1.7613E+01
54709.0000,-1.8940E+01
54710.0000,-1.1595E+01
54711.0000,2.2331E+00
54712.0000,-3.4832E+00
54713.0000,-1.9938E+01
54714.0000,-2.4973E+01
54715.0000,-1.7040E+01
54716.0000,-1.7447E+01
54717.0000,-1.7292E+01
54718.0000,-9.1632E+00
54719.0000,-9.9442E+00
54720.0000,2.0739E+01
54721.0000,1.1433E+01
54722.0000,9.7690E+00
54723.0000,1.8503E+01
54724.0000,1.3047E+01
54725.0000,2.7973E+00
54726.0000,8.9631E+00
54727.0000,1.1013E+01
54728.0000,4.5191E+00
54729.0000,-5.9340E-01
54730.0000,0.0000E+00
54731.0000,0.0000E+00
54732.0000,0.0000E+00
54733.0000,0.0000E+00
54734.0000,0.0000E+00
54735.0000,0.0000E+00
54736.0000,0.0000E+00
54737.0000,0.0000E+00
54738.0000,0.0000E+00
54739.0000,0.0000E+00
54740.0000,0.0000E+00
54741.0000,0.0000E+00
54742.0000,0.0000E+00
54743.0000,0.0000E+00
54744.0000,0.0000E+00
54745.0000,0.0000E+00
54746.0000,0.0000E+00
54747.0000,0.0000E+00
54748.0000,0.0000E+00
54749.0000,0.0000E+00
54750.0000,0.0000E+00
54751.0000,0.0000E+00
54752.0000,0.0000E+00
54753.0000,0.0000E+00
54754.0000,0.0000E+00
54755.0000,0.0000E+00
54756.0000,0.0000E+00
54757.0000,0.0000E+00
54758.0000,0.0000E+00
54759.0000,0.0000E+00
54760.0000,0.0000E+00
54761.0000,0.0000E+00
54762.0000,0.0000E+00
54763.0000,0.0000E+00
54764.0000,0.0000E+00
54765.0000,0.0000E+00
54766.0000,0.0000E+00
54767.0000,0.0000E+00
54768.0000,0.0000E+00
54769.0000,0.0000E+00
54770.0000,0.0000E+00
54771.0000,0.0000E+00
54772.0000,0.0000E+00
54773.0000,0.0000E+00
54774.0000,0.0000E+00
54775.0000,0.0000E+00
54776.0000,0.0000E+00
54777.0000,0.0000E+00
54778.0000,0.0000E+00
54779.0000,0.0000E+00
54780.0000,0.0000E+00
54781.0000,0.0000E+00
54782.0000,0.0000E+00
54783.0000,0.0000E+00
54784.0000,0.0000E+00
54785.0000,0.0000E+00
54786.0000,0.0000E+00
