"",8.000
54421.0000,0.0000E+00
54422.0000,-5.2635E+01
54423.0000,0.0000E+00
54424.0000,0.0000E+00
54425.0000,0.0000E+00
54426.0000,0.0000E+00
54427.0000,0.0000E+00
54428.0000,0.0000E+00
54429.0000,0.0000E+00
54430.0000,0.0000E+00
54431.0000,0.0000E+00
54432.0000,0.0000E+00
54433.0000,0.0000E+00
54434.0000,0.0000E+00
54435.0000,0.0000E+00
54436.0000,0.0000E+00
54437.0000,0.0000E+00
54438.0000,0.0000E+00
54439.0000,0.0000E+00
54440.0000,0.0000E+00
54441.0000,0.0000E+00
54442.0000,0.0000E+00
54443.0000,0.0000E+00
54444.0000,0.0000E+00
54445.0000,0.0000E+00
54446.0000,0.0000E+00
54447.0000,0.0000E+00
54448.0000,0.0000E+00
54449.0000,0.0000E+00
54450.0000,0.0000E+00
54451.0000,0.0000E+00
54452.0000,0.0000E+00
54453.0000,0.0000E+00
54454.0000,0.0000E+00
54455.0000,0.0000E+00
54456.0000,0.0000E+00
54457.0000,0.0000E+00
54458.0000,0.0000E+00
54459.0000,0.0000E+00
54460.0000,0.0000E+00
54461.0000,0.0000E+00
54462.0000,0.0000E+00
54463.0000,0.0000E+00
54464.0000,0.0000E+00
54465.0000,0.0000E+00
54466.0000,0.0000E+00
54467.0000,0.0000E+00
54468.0000,0.0000E+00
54469.0000,0.0000E+00
54470.0000,0.0000E+00
54471.0000,0.0000E+00
54472.0000,0.0000E+00
54473.0000,0.0000E+00
54474.0000,0.0000E+00
54475.0000,0.0000E+00
54476.0000,0.0000E+00
54477.0000,0.0000E+00
54478.0000,0.0000E+00
54479.0000,0.0000E+00
54480.0000,0.0000E+00
54481.0000,0.0000E+00
54482.0000,0.0000E+00
54483.0000,0.0000E+00
54484.0000,0.0000E+00
54485.0000,0.0000E+00
54486.0000,0.0000E+00
54487.0000,0.0000E+00
54488.0000,0.0000E+00
54489.0000,0.0000E+00
54490.0000,0.0000E+00
54491.0000,0.0000E+00
54492.0000,0.0000E+00
54493.0000,0.0000E+00
54494.0000,0.0000E+00
54495.0000,0.0000E+00
54496.0000,0.0000E+00
54497.0000,-7.4709E-01
54498.0000,-6.5327E-01
54499.0000,-1.1411E+00
54500.0000,0.0000E+00
54501.0000,0.0000E+00
54502.0000,0.0000E+00
54503.0000,0.0000E+00
54504.0000,0.0000E+00
54505.0000,0.0000E+00
54506.0000,0.0000E+00
54507.0000,0.0000E+00
54508.0000,0.0000E+00
54509.0000,0.0000E+00
54510.0000,0.0000E+00
54511.0000,-1.5988E-01
54512.0000,-3.4912E-01
54513.0000,-4.7371E-01
54514.0000,-7.3832E-01
54515.0000,-5.4126E-01
54516.0000,-1.4384E-01
54517.0000,5.3631E-01
54518.0000,1.4297E-01
54519.0000,-5.7506E-01
54520.0000,-6.8594E-01
54521.0000,-2.9953E-01
54522.0000,-8.1939E-01
54523.0000,-4.6784E-01
54524.0000,-4.0499E-01
54525.0000,-6.1717E-01
54526.0000,-2.4420E+00
54527.0000,-1.3007E+00
54528.0000,-2.7329E+00
54529.0000,0.0000E+00
54530.0000,0.0000E+00
54531.0000,0.0000E+00
54532.0000,-1.3634E+00
54533.0000,-2.0855E+00
54534.0000,-1.1612E+00
54535.0000,-2.4548E-01
54536.0000,2.7605E-01
54537.0000,8.4437E-01
54538.0000,4.2550E-01
54539.0000,2.1028E+00
54540.0000,7.5043E-01
54541.0000,-4.6434E-01
54542.0000,-1.1558E+00
54543.0000,-7.5103E-01
54544.0000,-2.6834E+00
54545.0000,-1.4060E+00
54546.0000,-8.2858E-01
54547.0000,-1.2752E+00
54548.0000,-8.5709E-01
54549.0000,-1.4265E+00
54550.0000,-1.8266E+01
54551.0000,-2.4135E+01
54552.0000,-2.0237E+01
54553.0000,-1.6562E+01
54554.0000,-2.8824E+00
54555.0000,-5.4703E+00
54556.0000,-2.5659E+00
54557.0000,-1.3721E+01
54558.0000,-1.7824E+01
54559.0000,-7.7565E+00
54560.0000,-1.2917E+01
54561.0000,-2.0609E+01
54562.0000,-4.5586E+01
54563.0000,-7.3080E+01
54564.0000,-6.5241E+01
54565.0000,-8.7402E+01
54566.0000,-5.6889E+01
54567.0000,-6.7761E+01
54568.0000,-6.5686E+01
54569.0000,-6.1211E+01
54570.0000,-6.0361E+01
54571.0000,-4.9941E+01
54572.0000,-6.2759E+01
54573.0000,-7.4546E+01
54574.0000,-9.0490E+01
54575.0000,-6.6145E+01
54576.0000,-6.8159E+01
54577.0000,-7.8411E+01
54578.0000,-6.7302E+01
54579.0000,-5.3910E+01
54580.0000,-4.1297E+01
54581.0000,-4.9633E+01
54582.0000,-4.9135E+01
54583.0000,-6.6881E+01
54584.0000,-5.9229E+01
54585.0000,-5.6102E+01
54586.0000,-6.2027E+01
54587.0000,-4.1500E+01
54588.0000,-4.9680E+01
54589.0000,-1.5866E+02
54590.0000,-1.1486E+02
54591.0000,-8.4408E+01
54592.0000,-5.4713E+01
54593.0000,-5.0536E+01
54594.0000,-5.2499E+01
54595.0000,-6.1813E+01
54596.0000,-7.9568E+01
54597.0000,-7.9867E+01
54598.0000,-6.6812E+01
54599.0000,-7.1735E+01
54600.0000,-7.2049E+01
54601.0000,-8.7286E+01
54602.0000,-6.9911E+01
54603.0000,-7.9978E+01
54604.0000,-5.9201E+01
54605.0000,-8.5903E+01
54606.0000,-1.1725E+02
54607.0000,-9.9780E+01
54608.0000,-9.4479E+01
54609.0000,-8.5333E+01
54610.0000,-8.3462E+01
54611.0000,-7.4853E+01
54612.0000,-5.6656E+01
54613.0000,-7.4571E+01
54614.0000,-6.8626E+01
54615.0000,-6.8816E+01
54616.0000,-7.9232E+01
54617.0000,-8.2469E+01
54618.0000,-7.0027E+01
54619.0000,-9.0210E+01
54620.0000,-7.5107E+01
54621.0000,-5.6185E+01
54622.0000,-4.2688E+01
54623.0000,-7.0135E+01
54624.0000,-9.3009E+01
54625.0000,-6.5680E+01
54626.0000,-8.1511E+01
54627.0000,-5.7614E+01
54628.0000,-4.4211E+01
54629.0000,-4.1287E+01
54630.0000,-5.5024E+01
54631.0000,-2.3210E+01
54632.0000,-5.2515E+01
54633.0000,-5.1777E+01
54634.0000,-4.8683E+01
54635.0000,-4.2484E+01
54636.0000,-4.4823E+01
54637.0000,-4.3719E+01
54638.0000,-3.9001E+01
54639.0000,-4.3730E+01
54640.0000,-3.0042E+01
54641.0000,-3.3694E+01
54642.0000,-4.8455E+01
54643.0000,-5.1026E+01
54644.0000,-4.1123E+01
54645.0000,-3.1594E+01
54646.0000,-2.3304E+01
54647.0000,-4.2763E+01
54648.0000,-5.6466E+01
54649.0000,-5.3996E+01
54650.0000,-5.6331E+01
54651.0000,-4.8206E+01
54652.0000,-4.3620E+01
54653.0000,-4.6159E+01
54654.0000,-7.1006E+01
54655.0000,-5.7390E+01
54656.0000,-4.9553E+01
54657.0000,-5.6484E+01
54658.0000,-4.0062E+01
54659.0000,-4.1482E+01
54660.0000,-3.8348E+01
54661.0000,-3.7936E+01
54662.0000,-4.5028E+01
54663.0000,-4.5415E+01
54664.0000,-2.8648E+01
54665.0000,-4.0207E+01
54666.0000,-4.7396E+01
54667.0000,-4.2045E+01
54668.0000,-3.1329E+01
54669.0000,-2.7752E+01
54670.0000,-3.2358E+01
54671.0000,-3.6560E+01
54672.0000,-3.2724E+01
54673.0000,-2.7494E+01
54674.0000,-1.4693E+01
54675.0000,-1.1873E+01
54676.0000,-2.9526E+01
54677.0000,-3.8569E+01
54678.0000,-4.7875E+01
54679.0000,-3.8035E+01
54680.0000,-2.9597E+01
54681.0000,-2.5938E+01
54682.0000,-2.4853E+01
54683.0000,-2.7498E+01
54684.0000,-3.3792E+01
54685.0000,-2.0729E+01
54686.0000,-2.6199E+00
54687.0000,-9.7637E+00
54688.0000,-4.1511E+01
54689.0000,-3.7011E+01
54690.0000,-3.5421E+01
54691.0000,-3.9871E+01
54692.0000,-2.8548E+01
54693.0000,-2.2320E+01
54694.0000,-2.1720E+01
54695.0000,-2.4402E+01
54696.0000,-1.2073E+01
54697.0000,1.0576E+00
54698.0000,2.7840E+00
54699.0000,1.3390E+01
54700.0000,-3.0893E+00
54701.0000,-1.1313E+01
54702.0000,-1.1163E+01
54703.0000,-1.6368E+01
54704.0000,-1.8937E+01
54705.0000,-1.8416E+01
54706.0000,-1.8058E+01
54707.0000,-2.1012E+01
54708.0000,-2.6244E+01
54709.0000,-2.4871E+01
54710.0000,-2.0235E+01
54711.0000,-1.7758E+00
54712.0000,-4.8429E+00
54713.0000,-3.0259E+01
54714.0000,-2.4151E+01
54715.0000,-1.9114E+01
54716.0000,-1.5307E+01
54717.0000,-1.8887E+01
54718.0000,-1.2459E+01
54719.0000,-1.0136E+01
54720.0000,1.7407E+00
54721.0000,5.0280E+00
54722.0000,6.2792E+00
54723.0000,1.5075E+01
54724.0000,6.9944E+00
54725.0000,-9.1282E-01
54726.0000,6.2323E+00
54727.0000,6.1418E+00
54728.0000,-6.8363E+00
54729.0000,-3.4858E+00
54730.0000,0.0000E+00
54731.0000,0.0000E+00
54732.0000,0.0000E+00
54733.0000,0.0000E+00
54734.0000,0.0000E+00
54735.0000,0.0000E+00
54736.0000,0.0000E+00
54737.0000,0.0000E+00
54738.0000,0.0000E+00
54739.0000,0.0000E+00
54740.0000,0.0000E+00
54741.0000,0.0000E+00
54742.0000,0.0000E+00
54743.0000,0.0000E+00
54744.0000,0.0000E+00
54745.0000,0.0000E+00
54746.0000,0.0000E+00
54747.0000,0.0000E+00
54748.0000,0.0000E+00
54749.0000,0.0000E+00
54750.0000,0.0000E+00
54751.0000,0.0000E+00
54752.0000,0.0000E+00
54753.0000,0.0000E+00
54754.0000,0.0000E+00
54755.0000,0.0000E+00
54756.0000,0.0000E+00
54757.0000,0.0000E+00
54758.0000,0.0000E+00
54759.0000,0.0000E+00
54760.0000,0.0000E+00
54761.0000,0.0000E+00
54762.0000,0.0000E+00
54763.0000,0.0000E+00
54764.0000,0.0000E+00
54765.0000,0.0000E+00
54766.0000,0.0000E+00
54767.0000,0.0000E+00
54768.0000,0.0000E+00
54769.0000,0.0000E+00
54770.0000,0.0000E+00
54771.0000,0.0000E+00
54772.0000,0.0000E+00
54773.0000,0.0000E+00
54774.0000,0.0000E+00
54775.0000,0.0000E+00
54776.0000,0.0000E+00
54777.0000,0.0000E+00
54778.0000,0.0000E+00
54779.0000,0.0000E+00
54780.0000,0.0000E+00
54781.0000,0.0000E+00
54782.0000,0.0000E+00
54783.0000,0.0000E+00
54784.0000,0.0000E+00
54785.0000,0.0000E+00
54786.0000,0.0000E+00
