"",-9.000,-8.000,-7.000,-6.000,-5.000,-4.000,-3.000,-2.000,-1.000,0.000
54421.0000,NaN,5.0000E-10,5.0000E-10,5.0000E-10,5.0000E-10,5.0000E-10,5.0000E-10,5.0000E-10,5.0000E-10,5.0000E-10
54422.0000,NaN,1.0000E-09,1.0000E-09,1.0000E-09,1.0000E-09,1.0000E-09,1.0000E-09,1.0000E-09,1.0000E-09,1.0000E-09
54423.0000,NaN,6.7050E-03,7.2630E-03,9.0096E-03,1.2181E-02,1.7502E-02,2.5693E-02,3.7185E-02,5.0038E-02,5.4452E-02
54424.0000,NaN,3.4997E-05,3.4997E-05,3.4999E-05,3.5001E-05,3.5190E-05,3.5345E-05,3.5461E-05,3.5537E-05,3.5553E-05
54425.0000,NaN,1.0000E-09,1.0000E-09,1.0000E-09,1.0000E-09,1.0000E-09,1.0000E-09,1.0000E-09,1.0000E-09,1.0000E-09
54426.0000,NaN,1.0000E-09,2.2268E-09,1.0000E-09,1.0000E-09,1.0000E-09,1.0000E-09,1.0000E-09,1.0000E-09,1.0000E-09
54427.0000,NaN,2.2615E-09,5.0501E-09,4.0790E-09,1.1524E-08,3.8294E-08,2.9210E-08,1.4292E-08,1.0000E-09,1.0000E-09
54428.0000,NaN,1.8493E-09,7.7481E-09,1.4964E-08,4.5339E-06,5.1620E-06,4.9280E-06,2.5240E-06,2.5578E-09,1.0000E-09
54429.0000,NaN,3.2187E-09,1.2375E-08,1.0921E-05,3.5040E-05,3.5075E-05,3.5087E-05,3.5022E-05,1.5267E-07,1.0000E-09
54430.0000,NaN,3.2396E-09,1.7812E-08,5.1710E-08,9.7133E-09,9.6392E-09,9.6666E-09,9.6984E-09,1.0000E-09,1.0000E-09
54431.0000,NaN,5.0717E-09,2.5616E-08,3.9779E-08,1.0000E-09,1.0000E-09,1.0000E-09,1.0000E-09,1.0000E-09,1.0000E-09
54432.0000,NaN,5.7225E-09,3.4188E-08,4.9671E-08,6.4935E-09,4.9890E-09,1.1740E-08,1.1515E-08,1.0000E-09,1.0000E-09
54433.0000,NaN,8.3573E-09,4.6883E-08,6.8515E-08,3.1402E-08,2.0065E-07,1.6830E-07,2.5239E-09,1.0000E-09,1.0000E-09
54434.0000,NaN,1.0145E-08,6.3408E-08,9.3966E-08,4.0291E-07,4.2705E-07,3.6981E-07,1.0000E-09,1.0000E-09,1.0000E-09
54435.0000,NaN,1.4265E-08,8.8729E-08,1.3025E-07,6.6011E-08,2.0956E-08,1.4496E-08,1.2609E-08,1.0000E-09,1.0000E-09
54436.0000,NaN,1.8424E-08,1.2452E-07,1.5948E-07,1.7319E-08,1.0000E-09,1.0000E-09,1.2717E-09,1.0000E-09,1.0000E-09
54437.0000,NaN,2.5775E-08,1.7404E-07,1.7453E-07,4.4313E-08,2.5920E-09,1.4258E-09,1.0000E-09,1.0000E-09,1.0000E-09
54438.0000,NaN,3.5096E-08,2.3392E-07,1.9654E-07,7.8941E-08,1.4123E-08,1.5303E-08,1.0000E-09,1.0000E-09,1.0000E-09
54439.0000,NaN,4.9796E-08,3.0506E-07,2.3904E-07,1.2120E-07,8.8110E-08,1.2314E-07,1.0000E-09,1.0000E-09,1.0000E-09
54440.0000,NaN,7.0897E-08,3.8928E-07,2.9987E-07,2.1066E-07,1.7003E-07,1.6595E-07,2.6847E-08,1.0000E-09,1.0000E-09
54441.0000,NaN,1.0360E-07,4.7250E-07,3.0700E-07,1.5424E-07,4.7756E-08,1.1971E-08,8.6881E-09,1.0000E-09,1.0000E-09
54442.0000,NaN,1.5073E-07,5.0893E-07,2.1316E-07,6.3332E-08,1.9338E-08,2.1892E-09,1.6511E-09,1.0000E-09,1.0000E-09
54443.0000,NaN,2.1680E-07,5.3929E-07,1.9214E-07,6.5068E-08,2.0633E-08,3.9845E-09,1.0000E-09,1.0000E-09,1.0000E-09
54444.0000,NaN,3.1167E-07,6.3232E-07,2.4116E-07,1.0569E-07,4.8003E-08,1.3202E-08,1.0000E-09,1.0000E-09,1.0000E-09
54445.0000,NaN,4.6070E-07,7.6344E-07,2.9355E-07,1.5611E-07,9.1227E-08,4.5603E-08,1.0000E-09,1.0000E-09,1.0000E-09
54446.0000,NaN,7.0637E-07,8.9480E-07,3.0462E-07,1.5397E-07,1.1111E-07,8.5921E-08,1.6724E-09,1.0000E-09,1.0000E-09
54447.0000,NaN,1.1089E-06,1.0286E-06,2.9457E-07,9.7128E-08,5.0167E-08,4.1290E-08,2.8658E-09,1.0000E-09,1.0000E-09
54448.0000,NaN,1.7681E-06,1.1804E-06,2.9690E-07,9.2762E-08,2.0197E-08,6.5102E-09,1.5502E-09,1.0000E-09,1.0000E-09
54449.0000,NaN,2.9262E-06,1.5273E-06,4.1238E-07,1.5934E-07,5.2611E-08,1.0473E-08,1.0000E-09,1.0000E-09,1.0000E-09
54450.0000,NaN,5.4416E-06,2.3647E-06,6.5858E-07,2.9206E-07,1.5551E-07,7.1589E-08,1.0000E-09,1.0000E-09,1.0000E-09
54451.0000,NaN,1.1923E-05,4.4785E-06,1.2065E-06,4.8618E-07,2.1916E-07,1.6163E-07,2.0635E-09,1.0000E-09,1.0000E-09
54452.0000,NaN,3.1505E-05,1.1123E-05,3.0143E-06,1.2358E-06,5.1994E-07,2.8171E-07,8.2861E-09,1.0000E-09,1.0000E-09
54453.0000,NaN,8.0719E-05,2.8101E-05,8.2217E-06,3.7089E-06,2.0057E-06,1.2451E-06,4.7291E-08,1.0000E-09,1.0000E-09
54454.0000,NaN,1.7309E-04,6.1062E-05,1.7356E-05,7.1409E-06,3.7361E-06,2.4371E-06,5.0026E-07,1.5125E-09,1.0000E-09
54455.0000,NaN,1.8880E-04,7.0472E-05,2.0330E-05,8.3262E-06,3.9379E-06,2.4564E-06,1.0265E-06,7.0818E-09,1.0000E-09
54456.0000,NaN,1.9789E-04,7.3820E-05,1.9179E-05,8.0546E-06,4.2030E-06,2.0480E-06,1.5646E-06,4.0980E-08,1.0000E-09
54457.0000,NaN,1.5246E-04,5.9582E-05,1.6618E-05,6.9898E-06,3.6952E-06,2.6013E-06,9.6753E-07,1.2296E-07,1.0000E-09
54458.0000,NaN,1.5766E-04,5.8276E-05,1.5139E-05,6.5750E-06,3.4788E-06,1.6499E-06,1.6272E-06,1.9821E-07,1.8336E-09
54459.0000,NaN,1.2347E-04,4.9444E-05,1.3706E-05,5.7868E-06,3.1566E-06,2.5224E-06,7.8808E-07,2.3137E-07,3.0467E-09
54460.0000,NaN,1.3741E-04,5.0535E-05,1.3310E-05,5.9168E-06,3.1959E-06,1.4257E-06,1.8520E-06,2.5078E-07,4.3257E-09
54461.0000,NaN,1.0817E-04,4.4234E-05,1.2254E-05,5.1455E-06,2.8727E-06,2.5526E-06,5.7782E-07,2.8077E-07,5.6020E-09
54462.0000,NaN,1.2256E-04,4.4777E-05,1.1834E-05,5.2822E-06,2.7894E-06,1.0867E-06,1.9916E-06,2.7070E-07,6.4916E-09
54463.0000,NaN,9.2342E-05,3.8178E-05,1.0505E-05,4.3273E-06,2.3762E-06,2.2356E-06,5.0723E-07,2.8821E-07,6.8678E-09
54464.0000,NaN,1.0533E-04,3.8010E-05,1.0094E-05,4.6249E-06,2.5131E-06,8.6508E-07,1.9255E-06,2.6291E-07,6.6570E-09
54465.0000,NaN,7.8401E-05,3.2577E-05,8.8666E-06,3.5205E-06,1.8220E-06,1.7122E-06,3.4483E-07,2.6917E-07,5.8801E-09
54466.0000,NaN,8.8833E-05,3.1861E-05,8.5124E-06,4.0009E-06,2.3072E-06,7.9152E-07,1.5350E-06,1.8476E-07,4.3109E-09
54467.0000,NaN,6.7683E-05,2.8158E-05,7.6188E-06,2.9483E-06,1.4201E-06,1.2452E-06,2.4519E-07,2.6263E-07,2.8933E-09
54468.0000,NaN,7.5311E-05,2.7077E-05,7.2601E-06,3.4683E-06,2.1846E-06,8.3102E-07,1.1927E-06,1.1771E-07,1.6739E-09
54469.0000,NaN,5.9117E-05,2.4533E-05,6.6197E-06,2.5131E-06,1.0808E-06,7.9036E-07,1.4205E-07,1.5026E-07,1.0000E-09
54470.0000,NaN,6.1861E-05,2.2362E-05,5.9510E-06,2.8015E-06,1.9029E-06,9.1124E-07,6.5036E-07,7.9215E-08,1.0000E-09
54471.0000,NaN,5.4264E-05,2.2383E-05,6.2173E-06,2.5909E-06,1.2306E-06,9.6364E-07,2.8174E-07,1.0858E-07,1.0000E-09
54472.0000,NaN,5.9536E-05,2.2040E-05,5.8567E-06,2.6326E-06,1.6723E-06,7.9252E-07,6.0950E-07,1.1772E-07,1.0000E-09
54473.0000,NaN,5.1546E-05,2.1222E-05,5.8785E-06,2.4575E-06,1.1886E-06,8.8686E-07,2.9393E-07,1.7176E-07,1.0000E-09
54474.0000,NaN,5.4486E-05,2.0298E-05,5.4414E-06,2.4917E-06,1.6115E-06,8.2406E-07,7.0580E-07,1.6461E-07,1.0000E-09
54475.0000,NaN,4.8180E-05,1.9655E-05,5.3712E-06,2.2012E-06,1.0464E-06,8.1150E-07,2.1378E-07,1.9927E-07,1.0000E-09
54476.0000,NaN,4.8015E-05,1.8027E-05,4.8393E-06,2.2062E-06,1.4475E-06,6.7777E-07,5.4820E-07,1.3006E-07,1.0000E-09
54477.0000,NaN,4.2753E-05,1.7181E-05,4.6446E-06,1.8750E-06,8.2143E-07,5.9710E-07,1.0695E-07,1.3256E-07,1.0000E-09
54478.0000,NaN,4.1040E-05,1.5519E-05,4.1511E-06,1.8709E-06,1.2704E-06,6.1778E-07,3.8088E-07,8.6211E-08,1.0000E-09
54479.0000,NaN,3.7710E-05,1.4980E-05,4.0628E-06,1.6561E-06,6.6833E-07,4.5719E-07,9.2134E-08,7.9211E-08,1.0000E-09
54480.0000,NaN,3.5346E-05,1.3488E-05,3.5795E-06,1.5800E-06,1.1215E-06,6.3402E-07,2.5445E-07,6.6792E-08,1.0000E-09
54481.0000,NaN,3.4589E-05,1.3659E-05,3.7989E-06,1.6691E-06,7.3936E-07,5.3777E-07,2.2853E-07,7.6193E-08,1.0000E-09
54482.0000,NaN,3.4495E-05,1.3376E-05,3.5717E-06,1.5764E-06,1.1416E-06,7.5436E-07,4.1888E-07,9.6956E-08,1.0000E-09
54483.0000,NaN,3.4872E-05,1.3844E-05,3.8856E-06,1.7254E-06,7.9366E-07,6.1122E-07,2.7203E-07,1.2858E-07,1.0000E-09
54484.0000,NaN,3.4184E-05,1.3375E-05,3.5761E-06,1.5694E-06,1.1071E-06,6.7392E-07,4.2560E-07,1.2597E-07,1.0000E-09
54485.0000,NaN,3.3258E-05,1.3128E-05,3.6346E-06,1.5781E-06,6.8413E-07,5.2376E-07,1.8821E-07,1.2730E-07,1.0000E-09
54486.0000,NaN,3.0751E-05,1.1976E-05,3.1665E-06,1.3575E-06,9.3998E-07,5.0744E-07,3.2368E-07,8.3414E-08,1.0000E-09
54487.0000,NaN,2.9085E-05,1.1349E-05,3.1159E-06,1.3499E-06,5.8011E-07,3.9342E-07,1.0021E-07,7.6505E-08,1.0000E-09
54488.0000,NaN,2.7675E-05,1.0765E-05,2.8674E-06,1.2464E-06,8.4108E-07,5.2454E-07,2.7867E-07,4.2853E-08,1.0000E-09
54489.0000,NaN,2.7913E-05,1.0937E-05,3.0321E-06,1.3365E-06,6.8298E-07,4.8942E-07,2.0805E-07,5.7888E-08,1.0000E-09
54490.0000,NaN,2.8626E-05,1.1275E-05,3.0764E-06,1.3647E-06,7.9612E-07,4.7279E-07,3.8223E-07,6.7818E-08,1.0000E-09
54491.0000,NaN,2.9273E-05,1.1575E-05,3.1631E-06,1.3459E-06,7.3144E-07,4.8366E-07,2.5337E-07,1.0454E-07,1.0000E-09
54492.0000,NaN,2.8285E-05,1.1163E-05,3.0209E-06,1.2762E-06,6.4592E-07,3.4032E-07,2.4758E-07,6.8711E-08,1.0000E-09
54493.0000,NaN,2.6647E-05,1.0407E-05,2.7884E-06,1.1853E-06,6.4481E-07,4.2363E-07,2.0783E-07,6.8620E-08,1.0000E-09
54494.0000,NaN,2.5047E-05,9.7899E-06,2.6542E-06,1.1419E-06,6.0406E-07,3.2948E-07,1.8601E-07,3.6538E-08,1.0000E-09
54495.0000,NaN,2.4492E-05,9.5285E-06,2.5601E-06,1.0862E-06,5.7520E-07,3.7187E-07,2.6470E-07,4.2909E-08,1.0000E-09
54496.0000,NaN,2.4052E-05,9.4514E-06,2.5683E-06,1.0803E-06,5.3784E-07,3.0638E-07,1.8541E-07,4.5202E-08,1.0000E-09
54497.0000,NaN,2.3918E-05,9.3494E-06,2.5100E-06,1.0445E-06,5.1020E-07,2.4378E-07,2.0298E-07,5.5836E-08,1.0000E-09
54498.0000,NaN,2.2459E-05,8.8311E-06,2.3676E-06,9.7860E-07,5.0319E-07,2.8785E-07,1.2954E-07,3.5313E-08,1.0000E-09
54499.0000,NaN,2.1555E-05,8.3722E-06,2.2546E-06,9.6144E-07,4.9702E-07,2.7866E-07,2.5023E-07,3.6015E-08,1.0000E-09
54500.0000,NaN,2.0124E-05,7.8827E-06,2.1197E-06,9.0576E-07,5.0195E-07,3.2928E-07,1.1632E-07,2.2122E-08,1.0000E-09
54501.0000,NaN,2.0081E-05,7.8102E-06,2.1507E-06,9.9841E-07,7.0835E-07,7.0744E-07,4.3778E-07,3.1580E-08,1.0000E-09
54502.0000,NaN,2.1651E-05,8.5651E-06,2.3757E-06,1.4202E-06,1.7809E-06,2.0638E-06,2.1199E-06,9.8949E-08,1.0000E-09
54503.0000,NaN,2.2810E-05,9.0315E-06,2.2651E-06,6.0896E-07,3.4041E-07,3.0364E-07,3.0460E-07,9.7329E-08,1.0000E-09
54504.0000,NaN,1.5355E-05,5.9411E-06,1.3906E-06,2.7938E-07,1.8263E-08,1.1682E-09,1.2439E-09,6.8703E-09,1.0000E-09
54505.0000,NaN,1.0214E-05,3.6808E-06,8.7326E-07,3.0418E-07,2.5284E-08,1.0629E-09,1.0000E-09,2.6183E-09,1.0000E-09
54506.0000,NaN,8.0791E-06,3.0650E-06,8.1271E-07,3.1109E-07,6.8059E-08,3.3136E-09,2.4436E-09,2.2026E-09,1.0000E-09
54507.0000,NaN,8.6524E-06,3.2274E-06,8.6847E-07,3.8296E-07,1.3933E-07,1.2066E-08,5.5302E-09,1.6980E-09,1.0000E-09
54508.0000,NaN,9.7910E-06,3.8676E-06,1.0771E-06,4.7782E-07,2.2394E-07,6.2357E-08,2.1092E-08,1.4022E-09,1.0000E-09
54509.0000,NaN,1.2077E-05,4.8034E-06,1.3994E-06,6.9588E-07,4.3582E-07,3.4276E-07,1.7559E-07,2.2675E-09,1.0000E-09
54510.0000,NaN,1.6175E-05,6.7249E-06,2.0648E-06,1.1497E-06,8.3862E-07,1.0259E-06,9.4062E-07,1.5644E-08,1.0000E-09
54511.0000,NaN,2.0348E-05,8.3799E-06,2.2482E-06,1.1341E-06,9.1154E-07,7.1536E-07,6.3698E-07,6.0781E-08,1.0000E-09
54512.0000,NaN,1.8382E-05,7.4718E-06,1.7565E-06,3.7876E-07,1.7645E-07,8.0428E-08,2.3279E-08,4.5529E-09,1.0000E-09
54513.0000,NaN,1.2266E-05,4.5649E-06,1.1120E-06,3.9933E-07,6.1082E-08,9.5730E-09,1.9318E-09,1.4665E-09,1.0000E-09
54514.0000,NaN,9.1760E-06,3.4410E-06,8.8687E-07,3.3938E-07,1.3065E-07,1.6732E-08,4.4368E-09,1.3107E-09,1.0000E-09
54515.0000,NaN,9.1575E-06,3.4581E-06,9.4881E-07,4.3894E-07,2.4550E-07,1.1766E-07,1.8034E-08,1.1605E-09,1.0000E-09
54516.0000,NaN,1.1724E-05,4.6312E-06,1.3987E-06,7.8578E-07,6.7946E-07,1.1046E-06,3.1039E-07,1.7774E-09,1.0000E-09
54517.0000,NaN,1.6232E-05,6.6298E-06,2.4402E-06,3.0191E-06,4.2582E-06,4.9268E-06,4.4314E-06,1.0792E-08,1.0000E-09
54518.0000,NaN,1.7669E-05,7.1453E-06,2.4895E-06,2.4094E-06,2.3782E-06,2.3558E-06,2.3852E-06,3.8958E-07,1.0000E-09
54519.0000,NaN,1.0747E-05,4.1575E-06,4.3562E-07,2.4077E-08,9.8316E-09,6.6383E-09,6.0831E-09,5.9157E-08,1.0000E-09
54520.0000,NaN,4.6994E-06,1.5794E-06,3.0162E-07,6.7638E-09,1.0000E-09,1.0000E-09,1.0000E-09,1.2282E-08,1.0000E-09
54521.0000,NaN,3.0646E-06,1.1333E-06,2.6040E-07,2.3211E-08,2.0796E-09,1.9528E-09,4.0402E-09,3.3002E-09,1.0000E-09
54522.0000,NaN,3.1777E-06,1.1570E-06,2.9575E-07,6.2222E-08,5.8047E-09,1.0277E-08,4.7875E-08,6.6028E-09,1.0000E-09
54523.0000,NaN,4.0196E-06,1.5437E-06,3.9746E-07,1.2431E-07,2.7565E-08,2.5577E-07,1.2642E-06,1.8022E-07,1.0000E-09
54524.0000,NaN,5.4592E-06,2.1720E-06,6.3922E-07,2.9786E-07,5.9585E-07,8.4329E-06,7.5379E-06,2.8045E-06,1.0000E-09
54525.0000,NaN,1.0254E-05,4.4500E-06,1.7284E-06,1.4662E-06,6.2887E-06,5.2522E-06,3.5356E-06,1.5803E-06,5.0017E-09
54526.0000,NaN,1.6535E-05,6.8592E-06,3.6052E-06,1.8026E-06,9.6452E-08,5.1781E-09,2.6442E-09,1.0000E-09,1.0000E-09
54527.0000,NaN,1.2627E-05,3.7483E-06,5.9936E-07,2.6126E-07,4.5913E-08,1.0000E-09,1.0000E-09,1.0000E-09,1.0000E-09
54528.0000,NaN,3.4648E-06,1.3493E-06,1.1951E-07,7.3675E-09,1.6254E-08,2.6048E-09,1.0000E-09,1.0000E-09,1.0000E-09
54529.0000,NaN,1.6084E-06,5.1705E-07,9.7104E-08,7.3367E-09,1.0994E-08,3.6810E-09,1.0000E-09,1.0000E-09,1.0000E-09
54530.0000,NaN,1.3904E-06,5.1545E-07,1.0028E-07,1.5431E-08,1.2203E-08,4.0713E-09,1.0000E-09,2.6015E-09,1.0000E-09
54531.0000,NaN,1.6778E-06,6.1751E-07,1.4006E-07,3.2217E-08,1.6605E-08,4.1893E-09,1.0000E-09,5.9282E-08,1.0000E-09
54532.0000,NaN,2.5808E-06,9.8212E-07,2.3576E-07,7.0609E-08,2.6383E-08,4.4376E-09,1.0000E-09,2.8164E-06,1.0631E-09
54533.0000,NaN,3.5767E-06,1.4655E-06,4.1336E-07,1.6295E-07,5.3507E-08,5.5248E-09,1.0000E-09,1.0161E-06,2.1025E-08
54534.0000,NaN,5.5112E-06,2.3109E-06,6.5963E-07,3.0432E-07,1.2620E-07,9.8251E-09,1.0000E-09,7.5691E-07,7.6140E-09
54535.0000,NaN,6.4432E-06,2.8438E-06,8.5267E-07,3.7075E-07,2.0377E-07,2.4693E-08,1.0000E-09,1.1466E-07,1.0000E-09
54536.0000,NaN,7.7023E-06,3.0361E-06,8.5018E-07,3.6363E-07,2.1796E-07,5.4826E-08,1.0000E-09,1.0744E-09,1.0000E-09
54537.0000,NaN,6.5866E-06,2.7535E-06,7.8053E-07,3.3877E-07,2.0751E-07,7.3892E-08,1.0000E-09,1.0000E-09,1.0000E-09
54538.0000,NaN,6.8370E-06,2.5357E-06,6.8285E-07,3.0699E-07,1.8691E-07,7.6443E-08,1.0000E-09,1.0599E-08,1.0000E-09
54539.0000,NaN,5.6444E-06,2.3085E-06,6.4716E-07,3.0197E-07,1.8299E-07,6.6674E-08,1.0000E-09,5.5303E-06,1.1002E-09
54540.0000,NaN,6.1359E-06,2.2813E-06,6.2709E-07,2.9931E-07,1.7751E-07,6.5430E-08,1.0000E-09,4.2676E-06,5.1525E-07
54541.0000,NaN,5.2220E-06,2.1296E-06,5.9385E-07,2.8827E-07,1.7688E-07,5.2947E-08,1.0000E-09,1.1377E-08,1.8240E-09
54542.0000,NaN,5.4098E-06,2.0318E-06,5.8709E-07,3.1838E-07,1.6918E-07,4.7576E-08,1.0000E-09,1.0000E-09,1.0000E-09
54543.0000,NaN,4.7470E-06,1.9198E-06,5.3333E-07,2.6831E-07,1.9619E-07,4.2196E-08,1.0000E-09,1.0000E-09,1.0000E-09
54544.0000,NaN,4.6857E-06,1.7717E-06,5.2375E-07,3.4112E-07,1.4664E-07,3.3637E-08,1.0000E-09,2.1181E-09,1.0000E-09
54545.0000,NaN,4.2832E-06,1.7281E-06,4.8872E-07,2.0933E-07,1.7614E-07,2.9472E-08,1.0000E-09,5.9060E-08,1.0000E-09
54546.0000,NaN,3.9634E-06,1.4979E-06,4.3246E-07,3.4824E-07,9.8798E-08,2.1164E-08,1.0000E-09,2.2477E-06,2.7734E-08
54547.0000,NaN,3.7556E-06,1.5243E-06,4.7608E-07,1.5312E-07,1.1019E-07,1.6722E-08,1.0000E-09,2.0590E-06,2.8553E-06
54548.0000,NaN,3.4060E-06,1.2708E-06,3.2099E-07,2.7623E-07,9.0573E-08,1.1029E-08,1.0000E-09,2.3327E-07,4.4504E-09
54549.0000,NaN,3.2018E-06,1.3233E-06,5.1695E-07,8.7345E-08,7.2548E-08,1.3683E-09,6.2895E-08,2.1701E-06,2.2426E-07
54550.0000,NaN,3.0310E-06,1.1168E-06,2.4312E-07,1.3944E-07,5.9084E-07,2.3253E-07,1.7958E-06,7.3169E-06,5.2002E-07
54551.0000,NaN,2.4546E-06,1.0391E-06,5.8921E-07,4.8134E-07,1.0818E-06,8.4090E-07,5.5796E-06,4.1334E-06,2.9954E-07
54552.0000,NaN,4.8526E-06,1.8823E-06,3.3744E-07,1.9618E-06,3.6447E-06,2.5257E-06,8.9141E-07,9.4174E-08,7.8870E-08
54553.0000,NaN,3.4471E-06,1.7948E-06,3.4278E-06,3.0496E-06,5.2221E-06,2.0158E-06,7.7495E-07,3.0245E-06,4.6947E-07
54554.0000,NaN,2.5867E-05,1.3651E-05,8.9275E-07,3.6825E-06,1.6200E-06,1.4773E-06,3.1323E-06,5.6158E-06,5.2401E-07
54555.0000,NaN,2.3716E-06,1.3849E-06,1.1333E-06,8.5515E-07,4.0654E-06,2.9468E-06,3.0644E-06,1.5087E-06,5.9916E-07
54556.0000,NaN,1.4077E-07,4.8351E-08,3.6005E-07,2.2959E-06,1.3414E-06,1.2775E-06,2.9809E-07,4.5111E-06,1.3147E-06
54557.0000,NaN,1.1977E-07,1.3182E-07,6.0737E-07,1.0506E-06,1.3697E-06,5.9952E-07,4.3035E-07,3.2222E-06,1.0571E-06
54558.0000,NaN,3.2450E-07,2.6108E-07,2.3614E-07,5.4114E-07,2.2215E-07,2.6881E-07,8.4368E-07,6.8515E-06,3.2758E-06
54559.0000,NaN,8.8113E-07,6.9271E-07,3.5677E-07,8.2072E-07,1.7209E-07,5.5808E-07,1.4087E-06,3.3050E-06,2.4367E-06
54560.0000,NaN,2.5129E-06,6.8876E-07,2.3385E-07,2.5438E-07,2.1545E-07,1.7971E-07,2.6173E-07,2.2451E-06,1.3837E-06
54561.0000,NaN,4.3625E-06,1.5255E-06,2.2475E-07,2.3199E-07,2.0752E-07,1.2737E-07,8.7329E-08,3.7113E-06,4.0447E-06
54562.0000,NaN,7.8267E-06,3.0190E-06,5.4481E-07,3.4765E-07,2.3064E-07,2.5186E-07,1.4100E-06,1.3561E-05,8.7500E-06
54563.0000,NaN,1.3757E-05,5.6038E-06,1.4708E-06,5.9188E-07,3.2386E-07,6.8771E-07,6.0945E-06,1.3845E-05,2.3921E-05
54564.0000,NaN,2.3096E-05,9.0299E-06,3.3835E-06,1.9300E-06,8.3481E-07,2.1048E-06,6.4272E-06,1.9620E-05,9.2518E-06
54565.0000,NaN,3.3359E-05,1.4725E-05,4.6818E-06,2.5204E-06,1.8110E-07,6.9056E-08,5.0952E-06,2.1047E-05,3.6447E-05
54566.0000,NaN,3.6269E-05,1.5722E-05,5.5476E-06,4.4679E-06,8.6883E-07,9.0694E-07,7.3032E-06,6.5705E-06,6.7798E-06
54567.0000,NaN,3.1243E-05,1.3534E-05,4.2200E-06,3.2206E-06,7.5256E-07,1.1968E-06,2.4681E-06,7.4056E-06,1.3411E-05
54568.0000,NaN,3.8269E-05,1.4903E-05,5.5751E-06,4.5323E-06,9.9485E-07,1.6860E-07,6.8734E-06,1.5835E-05,1.6351E-05
54569.0000,NaN,2.4067E-05,9.9460E-06,2.3413E-06,1.5091E-06,1.2927E-06,1.9048E-06,1.4820E-05,1.5333E-05,2.2281E-05
54570.0000,NaN,2.7293E-05,1.0656E-05,6.9122E-06,6.5954E-06,3.1520E-06,5.3628E-06,6.6331E-06,8.2916E-06,1.3943E-05
54571.0000,NaN,3.9189E-05,1.4965E-05,1.5256E-06,1.8617E-06,5.9274E-06,1.0480E-06,5.2408E-06,1.4164E-05,1.4374E-05
54572.0000,NaN,1.7036E-05,7.9593E-06,7.5443E-06,4.1053E-06,8.7353E-07,1.3918E-06,1.3350E-05,1.6163E-05,2.5884E-05
54573.0000,NaN,3.9698E-05,1.4068E-05,1.3711E-06,8.0630E-07,1.9144E-06,9.7461E-06,4.8806E-05,5.6096E-05,3.2008E-05
54574.0000,NaN,1.2856E-05,5.0008E-06,3.2024E-06,1.8104E-06,1.1004E-05,1.2137E-05,1.6119E-05,2.0653E-05,3.3352E-05
54575.0000,NaN,5.0426E-05,2.5058E-05,6.0095E-06,9.8172E-06,8.8652E-06,3.3031E-06,9.6792E-06,8.3031E-06,7.9553E-06
54576.0000,NaN,1.4182E-04,4.6519E-05,2.8214E-05,1.8094E-06,6.2943E-07,2.7901E-07,2.7474E-06,2.5393E-05,3.4761E-05
54577.0000,NaN,7.0850E-05,6.5790E-05,7.0758E-06,3.8741E-06,9.4454E-07,1.6665E-06,3.7532E-05,2.2112E-05,2.1133E-05
54578.0000,NaN,6.1455E-05,1.4843E-05,1.9551E-05,2.4722E-06,1.9342E-06,2.3208E-06,2.1372E-06,1.0606E-05,1.2396E-05
54579.0000,NaN,5.8744E-05,3.4171E-05,3.1847E-06,3.3921E-06,1.8258E-06,8.3492E-07,4.6794E-06,1.3303E-05,1.6028E-05
54580.0000,NaN,6.4077E-05,1.7346E-05,1.9354E-05,3.1590E-06,2.4636E-06,3.2295E-07,4.2042E-06,1.2742E-05,1.4631E-05
54581.0000,NaN,1.3435E-04,7.2851E-05,7.3658E-06,7.1031E-06,2.5485E-06,5.9771E-06,8.8233E-06,1.4966E-05,1.7972E-05
54582.0000,NaN,1.2106E-04,5.0053E-05,4.9055E-05,7.1345E-06,8.7434E-06,5.4487E-06,9.7097E-06,9.2137E-06,9.1361E-06
54583.0000,NaN,3.0112E-04,1.1976E-04,1.6307E-05,1.8457E-05,6.4535E-06,2.1757E-06,2.8109E-05,9.2708E-05,1.1968E-04
54584.0000,NaN,1.3436E-04,6.9986E-05,4.8570E-05,5.6575E-06,3.7662E-06,4.7741E-06,9.4456E-05,1.4765E-04,1.4927E-04
54585.0000,NaN,1.5088E-04,4.0125E-05,3.9439E-06,7.5343E-06,1.9043E-06,5.0940E-06,1.7634E-05,1.5787E-05,1.5810E-05
54586.0000,NaN,4.1807E-05,2.0443E-05,1.3914E-05,2.3107E-06,4.3060E-06,1.1118E-06,9.4088E-07,7.6648E-06,1.4638E-05
54587.0000,NaN,1.6190E-04,4.6828E-05,6.8919E-06,1.1970E-05,2.8089E-06,5.6072E-07,2.2589E-06,9.5175E-06,1.4033E-05
54588.0000,NaN,1.1477E-04,5.6148E-05,2.7004E-05,3.0316E-06,2.1739E-06,5.1554E-07,4.4051E-06,1.4677E-05,2.4875E-05
54589.0000,NaN,2.2464E-04,7.2094E-05,1.1651E-05,2.4240E-05,4.6326E-06,2.1153E-05,6.4668E-05,1.1966E-04,1.3649E-04
54590.0000,NaN,4.7070E-04,2.4953E-04,1.6339E-04,5.1530E-05,1.6491E-04,1.5980E-04,7.0442E-05,5.4662E-05,5.6486E-05
54591.0000,NaN,4.7811E-03,1.9155E-03,5.7689E-04,3.1060E-04,3.9650E-05,3.0426E-05,7.4697E-06,5.2706E-06,7.0762E-06
54592.0000,NaN,3.7600E-04,2.7756E-04,1.5530E-04,8.7218E-05,8.1761E-05,1.7991E-05,1.0591E-05,1.8221E-05,2.4395E-05
54593.0000,NaN,2.8829E-06,5.0841E-07,2.7498E-07,1.2243E-06,2.2281E-06,1.3294E-05,2.7407E-05,2.0505E-05,1.9730E-05
54594.0000,NaN,3.9384E-07,9.1091E-08,6.3289E-08,2.3727E-07,3.3183E-06,3.6122E-06,5.9561E-06,1.5949E-05,1.3795E-05
54595.0000,NaN,5.2766E-07,1.1660E-07,5.4452E-08,2.3812E-07,1.4403E-06,1.0651E-05,3.5367E-05,2.7736E-05,3.6590E-05
54596.0000,NaN,6.6504E-07,1.7062E-07,9.9091E-08,4.4888E-07,5.0355E-06,9.1546E-06,7.0415E-06,2.8884E-05,2.9045E-05
54597.0000,NaN,9.6794E-07,2.4191E-07,1.4536E-07,9.5535E-07,3.0097E-06,1.1963E-05,4.0696E-05,1.9780E-05,2.1249E-05
54598.0000,NaN,1.2597E-06,3.1946E-07,1.7662E-07,8.6626E-07,3.0077E-06,6.4975E-06,5.6765E-06,1.1430E-05,1.1845E-05
54599.0000,NaN,1.8546E-06,4.4627E-07,2.2065E-07,4.2544E-07,1.1291E-06,8.0539E-06,2.3558E-05,2.7530E-05,4.1070E-05
54600.0000,NaN,2.5620E-06,6.6654E-07,5.1369E-07,7.3674E-07,1.0984E-06,1.1010E-05,7.1502E-06,2.0439E-05,2.5433E-05
54601.0000,NaN,4.0202E-06,1.0066E-06,2.3757E-07,9.9222E-08,1.6016E-06,8.9388E-06,4.5239E-05,2.0171E-05,1.7567E-05
54602.0000,NaN,6.2283E-06,1.8938E-06,1.7193E-06,1.0718E-06,1.8568E-06,1.7503E-05,3.1125E-05,1.8764E-05,1.7276E-05
54603.0000,NaN,1.2061E-05,3.6468E-06,2.9928E-07,1.3623E-08,2.3316E-06,2.6716E-06,7.7152E-06,1.8334E-05,3.2439E-05
54604.0000,NaN,2.2940E-05,7.9781E-06,1.4443E-06,7.2733E-07,5.5863E-06,4.5011E-05,5.3053E-05,3.8708E-05,3.7251E-05
54605.0000,NaN,5.2410E-05,1.8093E-05,3.1145E-06,1.8209E-06,1.7836E-05,3.7578E-06,6.4178E-06,1.0112E-05,9.2278E-06
54606.0000,NaN,1.0616E-04,3.9135E-05,1.1767E-05,4.9576E-06,1.4278E-06,9.4721E-06,6.6088E-05,8.5413E-05,1.2303E-04
54607.0000,NaN,2.7165E-04,1.0015E-04,3.0234E-05,8.6240E-06,3.2265E-06,1.4720E-05,5.8845E-05,7.8351E-05,8.3692E-05
54608.0000,NaN,3.5217E-04,1.3498E-04,3.8371E-05,1.2491E-05,6.6708E-06,1.1240E-05,3.1439E-05,3.4737E-05,3.3836E-05
54609.0000,NaN,7.5733E-04,3.0836E-04,1.0603E-04,7.7755E-05,9.7814E-05,2.8991E-05,1.3988E-05,1.8805E-05,2.7387E-05
54610.0000,NaN,1.9197E-03,8.6569E-04,2.2772E-04,7.3091E-05,5.4239E-05,2.8198E-05,3.3217E-05,3.4353E-05,3.1895E-05
54611.0000,NaN,5.2607E-04,2.5748E-04,8.5898E-05,2.4806E-05,3.5810E-06,2.9251E-06,6.6912E-06,1.8788E-05,2.4154E-05
54612.0000,NaN,1.0214E-04,2.6253E-05,5.8070E-06,6.9082E-06,1.2126E-05,3.7397E-05,5.5808E-05,2.5016E-05,2.1012E-05
54613.0000,NaN,4.8987E-05,2.5078E-05,1.9659E-05,2.5753E-05,2.5356E-05,3.3576E-05,4.6876E-05,3.6868E-05,3.5416E-05
54614.0000,NaN,9.8753E-05,2.8840E-05,8.0965E-06,6.4348E-06,6.8157E-06,5.6477E-06,8.5796E-06,1.4433E-05,1.9585E-05
54615.0000,NaN,1.0685E-04,4.3609E-05,1.0535E-05,9.6675E-06,9.1729E-06,1.6319E-05,2.7952E-05,3.2028E-05,2.1850E-05
54616.0000,NaN,2.8707E-04,9.4540E-05,3.8718E-05,2.4949E-05,3.6047E-05,3.3860E-05,3.2155E-05,4.9418E-05,7.3207E-05
54617.0000,NaN,1.7828E-03,7.4244E-04,1.9597E-04,1.4432E-04,7.8030E-05,6.9844E-05,7.5981E-05,8.7687E-05,9.5707E-05
54618.0000,NaN,1.1792E-03,5.2736E-04,1.4202E-04,1.1273E-04,8.5633E-05,5.8348E-05,5.0997E-05,5.2964E-05,5.0009E-05
54619.0000,NaN,2.3352E-04,7.4590E-05,1.5617E-05,5.0274E-06,7.7681E-06,1.2907E-05,1.4314E-05,1.5007E-05,2.0519E-05
54620.0000,NaN,9.1646E-05,3.6296E-05,1.3357E-05,1.2384E-05,1.3354E-05,1.6939E-05,2.7804E-05,4.4215E-05,4.2365E-05
54621.0000,NaN,3.0246E-04,1.0793E-04,3.9811E-05,2.5583E-05,2.8067E-05,3.5604E-05,4.0663E-05,4.1448E-05,3.7358E-05
54622.0000,NaN,4.4131E-04,1.6603E-04,3.3962E-05,1.1965E-05,2.9252E-05,5.4702E-05,5.5410E-05,4.3719E-05,3.7228E-05
54623.0000,NaN,9.8160E-05,4.1368E-05,1.9823E-05,2.0725E-05,2.5565E-05,2.6819E-05,2.7516E-05,2.9075E-05,3.0637E-05
54624.0000,NaN,4.6278E-04,1.4874E-04,3.3442E-05,1.8173E-05,9.3721E-06,1.0089E-05,1.3131E-05,1.6427E-05,1.7702E-05
54625.0000,NaN,3.4336E-04,1.5686E-04,5.5081E-05,2.4671E-05,1.6164E-05,1.1382E-05,1.1489E-05,1.4784E-05,1.5412E-05
54626.0000,NaN,1.8421E-04,5.7252E-05,9.4349E-06,1.6568E-06,2.8662E-06,1.2903E-05,2.3174E-05,2.5625E-05,2.8091E-05
54627.0000,NaN,1.9149E-05,1.0725E-05,7.2765E-06,1.6287E-05,3.6942E-05,3.0843E-05,3.7057E-05,4.4469E-05,4.6113E-05
54628.0000,NaN,1.4210E-04,4.3682E-05,1.8016E-05,2.5242E-05,6.1214E-05,5.5974E-05,4.9633E-05,3.4467E-05,2.9386E-05
54629.0000,NaN,2.6282E-04,1.1396E-04,1.9613E-05,2.6461E-06,1.6696E-06,1.3848E-06,1.3614E-06,2.8336E-06,4.6782E-06
54630.0000,NaN,1.2537E-04,4.6424E-05,1.3466E-05,9.7899E-07,4.2574E-09,2.4242E-08,1.9649E-06,7.3762E-05,1.2655E-04
54631.0000,NaN,3.9163E-05,1.4646E-05,3.6890E-06,1.7441E-06,3.2452E-07,5.0255E-07,1.2871E-05,5.9357E-05,1.0375E-04
54632.0000,NaN,3.7282E-05,1.2791E-05,3.5094E-06,1.1016E-06,7.4835E-08,7.4068E-07,3.5136E-06,1.0895E-05,1.0857E-05
54633.0000,NaN,3.3881E-05,1.3223E-05,3.8444E-06,1.6610E-06,1.3198E-06,8.5288E-08,5.1242E-06,1.8807E-05,3.9262E-05
54634.0000,NaN,5.9221E-05,2.0830E-05,5.3932E-06,1.8450E-06,2.5796E-07,4.8970E-07,4.9545E-06,8.7521E-06,7.9427E-06
54635.0000,NaN,5.2137E-05,2.1683E-05,6.1176E-06,2.1658E-06,4.9445E-07,1.2862E-06,2.9057E-06,8.8307E-06,1.5790E-05
54636.0000,NaN,5.9737E-05,2.2173E-05,6.3692E-06,2.3948E-06,9.2272E-07,6.4402E-07,4.9040E-06,1.0072E-05,1.1299E-05
54637.0000,NaN,5.0479E-05,2.1022E-05,6.2658E-06,2.8610E-06,6.6461E-07,5.4287E-06,1.6574E-05,2.3567E-05,2.7368E-05
54638.0000,NaN,2.4740E-05,1.6257E-05,1.7674E-05,4.1791E-06,1.5538E-05,1.9276E-05,3.3358E-05,3.5789E-05,2.9896E-05
54639.0000,NaN,1.2522E-04,4.2386E-05,2.9224E-05,1.9728E-05,1.0582E-04,2.4393E-05,1.9435E-05,1.7882E-05,1.6232E-05
54640.0000,NaN,7.5954E-05,4.1682E-05,3.3662E-05,4.3295E-05,3.4782E-05,1.3373E-05,5.0179E-06,7.2769E-06,8.8741E-06
54641.0000,NaN,7.9255E-07,1.7197E-07,2.0402E-07,4.0479E-07,1.0351E-06,6.1036E-06,2.4912E-05,2.8977E-05,2.8251E-05
54642.0000,NaN,1.7356E-08,6.5517E-09,1.1996E-08,3.7017E-08,7.1657E-06,1.6498E-05,1.5776E-05,2.5316E-05,2.8732E-05
54643.0000,NaN,1.8983E-09,1.5783E-08,6.4379E-08,5.5997E-07,8.2333E-06,1.8287E-05,4.2089E-05,2.9293E-05,2.9194E-05
54644.0000,NaN,4.5911E-09,9.9278E-07,3.5460E-06,1.3814E-06,3.4362E-06,1.6832E-05,2.9349E-05,1.3541E-05,1.0065E-05
54645.0000,NaN,3.4056E-08,3.0553E-08,1.1180E-07,1.3877E-07,8.9800E-06,7.7513E-06,1.1185E-05,3.3485E-05,6.9142E-05
54646.0000,NaN,1.1078E-06,7.8455E-07,1.3218E-06,2.3825E-06,1.0918E-05,1.7309E-05,2.0418E-05,3.3871E-05,4.2105E-05
54647.0000,NaN,8.6542E-07,4.3702E-07,1.8048E-06,5.3028E-06,1.9329E-06,4.5934E-06,9.7806E-06,4.6144E-06,4.0630E-06
54648.0000,NaN,3.3237E-06,1.5477E-06,2.8981E-06,3.8274E-06,1.1688E-06,6.5571E-06,1.5953E-05,5.1972E-05,8.2159E-05
54649.0000,NaN,1.5769E-05,4.6041E-06,1.3597E-07,8.7423E-07,2.2826E-05,2.3561E-05,2.5557E-05,2.2758E-05,2.9268E-05
54650.0000,NaN,2.2499E-05,1.5771E-05,3.8503E-06,1.0955E-05,9.1715E-06,1.7140E-05,2.4301E-05,1.6290E-05,1.3970E-05
54651.0000,NaN,2.3107E-04,8.0927E-05,2.5795E-05,9.8223E-06,1.4134E-05,1.5616E-05,2.1552E-05,2.8723E-05,4.0089E-05
54652.0000,NaN,1.1482E-04,6.3678E-05,2.7398E-05,1.8079E-05,2.9226E-05,3.7531E-05,3.8563E-05,3.5781E-05,3.4170E-05
54653.0000,NaN,3.1992E-04,7.5806E-05,1.8871E-05,2.0536E-05,2.5924E-05,2.6510E-05,2.7497E-05,2.9640E-05,2.9735E-05
54654.0000,NaN,6.6075E-04,3.7567E-04,1.2190E-04,4.2236E-05,1.9118E-05,2.2147E-05,2.7122E-05,2.3333E-05,2.5581E-05
54655.0000,NaN,8.1280E-04,3.0110E-04,1.0268E-04,4.8192E-05,2.8102E-05,1.7059E-05,1.6715E-05,2.1177E-05,2.2198E-05
54656.0000,NaN,2.3611E-05,9.4402E-06,2.5756E-06,6.1803E-06,1.2280E-05,2.0276E-05,2.7750E-05,3.4790E-05,3.6448E-05
54657.0000,NaN,8.5708E-07,1.6262E-06,9.3490E-06,2.3742E-05,3.8220E-05,5.3669E-05,6.4995E-05,7.0263E-05,6.9728E-05
54658.0000,NaN,9.7742E-07,2.9297E-06,4.6531E-06,1.0694E-05,2.9559E-05,3.2241E-05,2.8540E-05,2.3650E-05,2.2423E-05
54659.0000,NaN,2.6520E-06,1.7983E-06,1.7234E-06,5.0845E-06,2.2292E-06,1.5536E-06,2.3030E-06,4.5209E-06,5.5195E-06
54660.0000,NaN,5.1159E-06,1.4424E-06,3.7799E-07,8.0897E-07,5.7234E-07,2.1522E-06,7.0080E-06,1.6136E-05,2.4723E-05
54661.0000,NaN,8.8799E-06,3.3441E-06,2.3320E-06,4.5813E-06,1.1537E-05,1.8613E-05,2.0432E-05,2.1814E-05,2.3075E-05
54662.0000,NaN,5.1413E-05,2.7005E-05,1.9294E-05,3.7889E-05,5.9167E-05,7.3850E-05,4.8451E-05,2.7974E-05,2.1768E-05
54663.0000,NaN,1.5379E-04,4.7212E-05,9.5859E-05,1.0889E-04,8.5949E-05,5.3474E-05,3.2697E-05,2.0849E-05,2.0370E-05
54664.0000,NaN,1.5481E-04,3.7499E-05,1.2774E-05,9.2436E-06,7.8428E-06,8.0789E-06,1.3128E-05,2.3430E-05,2.6915E-05
54665.0000,NaN,4.2319E-05,1.8335E-05,2.0937E-06,8.2023E-07,2.3624E-06,8.0398E-06,1.1766E-05,1.2543E-05,1.3042E-05
54666.0000,NaN,1.8141E-05,5.4221E-06,1.5485E-06,9.2997E-07,3.8819E-06,7.4407E-06,1.3115E-05,1.5574E-05,1.4762E-05
54667.0000,NaN,1.6900E-05,6.9765E-06,2.5039E-06,9.6514E-07,2.0202E-06,5.8741E-06,1.0718E-05,1.4442E-05,1.6490E-05
54668.0000,NaN,2.7983E-05,1.4490E-05,2.1016E-06,4.0387E-07,1.8558E-06,7.1569E-06,1.3752E-05,1.8868E-05,2.1564E-05
54669.0000,NaN,6.0831E-05,1.6827E-05,4.8212E-06,2.4472E-06,1.0923E-05,9.5202E-06,7.6220E-06,8.6540E-06,9.2298E-06
54670.0000,NaN,1.2233E-04,6.8786E-05,2.3125E-05,3.0845E-05,1.4553E-05,3.4689E-05,6.0439E-05,7.8745E-05,8.3399E-05
54671.0000,NaN,3.4817E-04,1.3408E-04,3.2182E-05,1.2912E-05,1.5685E-05,1.7595E-05,2.2110E-05,2.8159E-05,3.0301E-05
54672.0000,NaN,5.1552E-05,3.1812E-05,1.7856E-05,1.5866E-05,1.6014E-05,1.7740E-05,1.1505E-05,1.0515E-05,1.0736E-05
54673.0000,NaN,5.2967E-05,1.5450E-05,1.3911E-05,1.5987E-05,2.6376E-05,3.4243E-05,4.4954E-05,5.7782E-05,6.3598E-05
54674.0000,NaN,7.1015E-05,3.5790E-05,1.1270E-05,1.1938E-05,1.6298E-05,2.1434E-05,2.8873E-05,3.4238E-05,3.5095E-05
54675.0000,NaN,5.9256E-05,1.7203E-05,1.9202E-05,2.5039E-05,2.8508E-05,2.8416E-05,2.8773E-05,2.6552E-05,2.4388E-05
54676.0000,NaN,1.1140E-05,5.8872E-06,2.1863E-06,3.0037E-06,5.5577E-06,9.2179E-06,1.3099E-05,1.9800E-05,2.4784E-05
54677.0000,NaN,1.2069E-04,5.6195E-05,6.4925E-05,1.1074E-04,1.5414E-04,1.9061E-04,2.2419E-04,2.3031E-04,2.2523E-04
54678.0000,NaN,3.2031E-03,9.8002E-04,1.5075E-04,7.1944E-05,8.9762E-05,1.0858E-04,1.1696E-04,1.1847E-04,1.1793E-04
54679.0000,NaN,8.9617E-04,5.5231E-04,2.4199E-04,7.3856E-05,9.9780E-06,1.0760E-06,3.4170E-07,7.5700E-07,1.0914E-06
54680.0000,NaN,1.6339E-04,3.2898E-05,4.7130E-06,3.3241E-06,3.8544E-06,9.8006E-07,4.2924E-07,1.3121E-05,4.2608E-05
54681.0000,NaN,1.3110E-05,6.5808E-06,1.4088E-06,5.5071E-07,4.7413E-07,1.0360E-06,8.2108E-06,3.0884E-05,2.2276E-05
54682.0000,NaN,6.7307E-06,2.1973E-06,1.2823E-06,1.5294E-06,3.5246E-06,9.9154E-06,1.0227E-05,6.9319E-06,9.5713E-06
54683.0000,NaN,6.0933E-06,2.6066E-06,2.4325E-06,6.5994E-06,7.4177E-06,3.7109E-06,4.9117E-07,1.6144E-05,2.8372E-05
54684.0000,NaN,1.8168E-05,7.9645E-06,6.0068E-06,8.6116E-06,1.3522E-05,6.7654E-06,6.8330E-05,3.4363E-05,3.2094E-05
54685.0000,NaN,1.6683E-04,6.6975E-05,2.7803E-05,2.8532E-05,3.2465E-05,3.7064E-05,6.5447E-05,2.2480E-05,1.7856E-05
54686.0000,NaN,1.5631E-03,4.7910E-04,5.7976E-05,1.4960E-05,1.2009E-05,1.3185E-05,1.0864E-05,2.2382E-05,4.1003E-05
54687.0000,NaN,5.4490E-04,2.6469E-04,1.0273E-04,4.9587E-05,1.3990E-05,1.3102E-05,2.6326E-05,3.1146E-05,2.4094E-05
54688.0000,NaN,1.5380E-03,4.2982E-04,9.3670E-05,5.7505E-05,8.8327E-05,8.1501E-05,5.3324E-05,5.4968E-05,6.7800E-05
54689.0000,NaN,1.9375E-03,9.7345E-04,3.3551E-04,1.2855E-04,7.5586E-05,6.5108E-05,5.3285E-05,4.7326E-05,4.3179E-05
54690.0000,NaN,1.3011E-03,4.4365E-04,1.1782E-04,4.4688E-05,1.3462E-05,7.1687E-06,6.0956E-06,6.7304E-06,7.2666E-06
54691.0000,NaN,2.1960E-04,8.8418E-05,1.9362E-05,6.6590E-06,2.7825E-06,3.1496E-06,1.3694E-05,3.7536E-05,5.3052E-05
54692.0000,NaN,7.0657E-05,2.2367E-05,6.4812E-06,3.2841E-06,3.9281E-06,8.5999E-06,7.8302E-06,1.2551E-05,1.5118E-05
54693.0000,NaN,5.6113E-05,2.3250E-05,7.9071E-06,7.7531E-06,8.1018E-06,6.2955E-06,9.1847E-06,7.9489E-06,7.2390E-06
54694.0000,NaN,7.9636E-05,2.5828E-05,6.9248E-06,5.0367E-06,7.7573E-06,1.5554E-05,3.1201E-05,6.5718E-05,9.8824E-05
54695.0000,NaN,7.1344E-05,3.9922E-05,4.2985E-05,5.9064E-05,5.8781E-05,7.6489E-05,6.7997E-05,7.3702E-05,7.3909E-05
54696.0000,NaN,3.8983E-03,1.0534E-03,1.6314E-04,1.1191E-04,1.1219E-04,1.0973E-04,1.1201E-04,9.4232E-05,8.6001E-05
54697.0000,NaN,2.1171E-03,1.5140E-03,6.8995E-04,2.3054E-04,9.2897E-05,4.2783E-05,2.8659E-05,2.9985E-05,3.3160E-05
54698.0000,NaN,1.3344E-04,2.5673E-05,8.7049E-06,1.4945E-05,2.4824E-05,4.1029E-05,7.1959E-05,1.0190E-04,1.0379E-04
54699.0000,NaN,2.3482E-05,2.1239E-05,5.0974E-05,1.4519E-04,2.1441E-04,2.3672E-04,2.2088E-04,2.2910E-04,2.4549E-04
54700.0000,NaN,3.2946E-04,9.5335E-05,3.7558E-05,1.9391E-05,1.2448E-05,8.7720E-06,6.5640E-06,5.5590E-06,5.4119E-06
54701.0000,NaN,1.2472E-03,5.2850E-04,7.5770E-05,1.7447E-05,2.7750E-06,1.6862E-07,4.9348E-08,1.4675E-06,5.2241E-06
54702.0000,NaN,1.7203E-03,5.7082E-04,2.2489E-04,1.0634E-04,3.2232E-05,9.3438E-07,1.1246E-07,2.6034E-06,5.7363E-06
54703.0000,NaN,1.7122E-03,7.3326E-04,1.3149E-04,5.0805E-05,3.4087E-05,2.5901E-05,2.6328E-07,2.8012E-06,9.1879E-06
54704.0000,NaN,1.9693E-03,7.4724E-04,2.6379E-04,1.3098E-04,5.8212E-05,2.5259E-05,1.3783E-05,5.7158E-06,1.1421E-05
54705.0000,NaN,2.1358E-03,8.7602E-04,1.8764E-04,7.7708E-05,5.3803E-05,5.0286E-05,2.6915E-05,3.7824E-06,6.9131E-06
54706.0000,NaN,2.4706E-03,9.9586E-04,3.1942E-04,1.4624E-04,6.5520E-05,2.7027E-05,1.5644E-05,2.4799E-05,2.2358E-05
54707.0000,NaN,2.7672E-03,1.1081E-03,2.8655E-04,1.3102E-04,9.4172E-05,9.4146E-05,9.1116E-05,4.9402E-05,4.8748E-05
54708.0000,NaN,3.3958E-03,1.3843E-03,3.9647E-04,1.6538E-04,7.9299E-05,3.5841E-05,1.8217E-05,1.1212E-05,8.9637E-06
54709.0000,NaN,1.1459E-03,4.6331E-04,1.2277E-04,4.8403E-05,2.1813E-05,7.1974E-06,2.9964E-07,9.2432E-06,2.5393E-05
54710.0000,NaN,4.2046E-04,1.3608E-04,3.4207E-05,1.5550E-05,9.9510E-06,1.0277E-05,9.7863E-05,2.4464E-05,1.5232E-05
54711.0000,NaN,5.5266E-04,2.2537E-04,7.8065E-05,6.0310E-05,7.0427E-05,7.1669E-05,2.8801E-05,4.5973E-05,7.9614E-05
54712.0000,NaN,1.4390E-03,4.7893E-04,1.0839E-04,3.9472E-05,2.6812E-05,2.4597E-05,2.2944E-05,2.0666E-05,1.4276E-05
54713.0000,NaN,5.2074E-04,2.2461E-04,6.1087E-05,1.7893E-05,2.0941E-06,3.5866E-06,1.3123E-05,3.1210E-05,5.5779E-05
54714.0000,NaN,3.2242E-04,1.0095E-04,2.5723E-05,1.6031E-05,4.6811E-05,2.8969E-05,1.4155E-05,1.0003E-05,7.9364E-06
54715.0000,NaN,8.3417E-04,3.5962E-04,1.2311E-04,6.2987E-05,1.9381E-05,2.0968E-05,4.5636E-05,7.9544E-05,1.1150E-04
54716.0000,NaN,1.0702E-03,3.8523E-04,9.1135E-05,4.0167E-05,4.5921E-05,2.4520E-05,8.2628E-06,6.9793E-06,6.9044E-06
54717.0000,NaN,4.3159E-04,1.8739E-04,5.3785E-05,1.7072E-05,2.6689E-06,9.8056E-07,1.4448E-05,5.9314E-05,9.1075E-05
54718.0000,NaN,1.4506E-04,4.4941E-05,1.0077E-05,4.2475E-06,4.7917E-06,3.7031E-05,1.7772E-05,5.6671E-06,3.4388E-06
54719.0000,NaN,1.3464E-04,5.7693E-05,2.4380E-05,2.7608E-05,2.5919E-05,1.4635E-06,4.5461E-06,1.7995E-05,3.4361E-05
54720.0000,NaN,3.8610E-04,1.2238E-04,2.2075E-05,4.3332E-06,1.6790E-06,2.5931E-06,4.4825E-06,1.7210E-06,5.9486E-07
54721.0000,NaN,1.6016E-04,7.2194E-05,2.6201E-05,1.8147E-05,4.3505E-06,1.2775E-06,2.2100E-06,2.8610E-05,7.6457E-05
54722.0000,NaN,3.7233E-04,1.1644E-04,2.7002E-05,1.0611E-05,1.4653E-05,2.3949E-05,1.1314E-04,2.9586E-05,1.2425E-05
54723.0000,NaN,1.1350E-03,5.4183E-04,2.0457E-04,1.3734E-04,6.5584E-05,3.4840E-05,9.5544E-06,3.0119E-05,8.1094E-05
54724.0000,NaN,6.5131E-04,2.8384E-04,9.4232E-05,4.4643E-05,1.9235E-05,6.5405E-06,2.7494E-05,2.3350E-05,1.2631E-05
54725.0000,NaN,1.1841E-04,3.5282E-05,5.6527E-06,1.3379E-06,1.3152E-06,7.8716E-06,5.6310E-06,1.4189E-05,3.1997E-05
54726.0000,NaN,2.2625E-05,9.0945E-06,3.0282E-06,4.2341E-06,2.5722E-05,2.1987E-05,7.1428E-05,6.6322E-05,4.0696E-05
54727.0000,NaN,5.3422E-05,2.0737E-05,1.7939E-05,3.1020E-05,1.5984E-05,2.0694E-05,1.1786E-05,1.6711E-05,2.8192E-05
54728.0000,NaN,1.9236E-04,6.7358E-05,7.9365E-06,1.4237E-06,9.2305E-06,1.7369E-05,5.3082E-05,6.4162E-05,4.8812E-05
54729.0000,NaN,9.3547E-05,3.6055E-05,1.1319E-05,1.0739E-05,1.2435E-05,1.3451E-05,7.7482E-06,9.4979E-06,1.4924E-05
54730.0000,NaN,1.0406E-04,3.7421E-05,9.6195E-06,1.7355E-06,6.4173E-07,4.2202E-07,2.3920E-07,9.3700E-08,7.1227E-07
54731.0000,NaN,6.8160E-05,2.6165E-05,5.9893E-06,2.7694E-06,3.3655E-07,3.3377E-08,1.9298E-08,6.5120E-09,1.0000E-09
54732.0000,NaN,6.4570E-05,2.3383E-05,6.6096E-06,2.1595E-06,1.1296E-06,1.0644E-07,1.4546E-08,1.1284E-08,1.0000E-09
54733.0000,NaN,7.1970E-05,2.8514E-05,7.5022E-06,4.1357E-06,1.9314E-06,1.1004E-06,9.4822E-08,1.2940E-07,1.0000E-09
54734.0000,NaN,1.1891E-04,4.6179E-05,1.3696E-05,5.6699E-06,3.9950E-06,3.1259E-06,2.6550E-06,2.6832E-06,1.8646E-08
54735.0000,NaN,1.6600E-04,7.2068E-05,2.1037E-05,9.3660E-06,5.5761E-06,1.0710E-05,2.1878E-05,1.2712E-05,2.3879E-06
54736.0000,NaN,1.9199E-04,7.8202E-05,2.0975E-05,7.9373E-06,5.4951E-06,5.2733E-06,4.7867E-06,3.5428E-06,1.9038E-06
54737.0000,NaN,1.2724E-04,5.1222E-05,1.2653E-05,4.3764E-06,7.2945E-07,1.5640E-07,4.3826E-08,1.0665E-08,1.3737E-08
54738.0000,NaN,6.7662E-05,2.4044E-05,6.0116E-06,2.2178E-06,9.4121E-07,6.0055E-08,3.6767E-09,1.5411E-09,1.5792E-09
54739.0000,NaN,4.5253E-05,1.7048E-05,4.4773E-06,1.9666E-06,8.7226E-07,2.3762E-07,8.1533E-09,1.8925E-09,1.0000E-09
54740.0000,NaN,4.7427E-05,1.7197E-05,4.5988E-06,1.9900E-06,1.1134E-06,5.2226E-07,3.3075E-08,2.8460E-09,1.0000E-09
54741.0000,NaN,5.5612E-05,2.1625E-05,5.8945E-06,2.6571E-06,1.3907E-06,7.5252E-07,1.9194E-07,7.7278E-09,1.0000E-09
54742.0000,NaN,7.1435E-05,2.7818E-05,7.7453E-06,3.4640E-06,1.9949E-06,1.1910E-06,6.7844E-07,5.4702E-08,1.0000E-09
54743.0000,NaN,8.3538E-05,3.4378E-05,9.8006E-06,4.4150E-06,2.6288E-06,1.7494E-06,9.0100E-07,4.0963E-07,4.8257E-09
54744.0000,NaN,9.3174E-05,3.7412E-05,1.0290E-05,4.3701E-06,2.4945E-06,1.5433E-06,7.7779E-07,6.9952E-07,3.1227E-08
54745.0000,NaN,8.5142E-05,3.4312E-05,9.1960E-06,3.6312E-06,1.6533E-06,9.5309E-07,5.8683E-07,2.2821E-07,5.7007E-08
54746.0000,NaN,7.2616E-05,2.7839E-05,7.3548E-06,3.1252E-06,1.5700E-06,7.5676E-07,3.8603E-07,1.9556E-07,3.5240E-08
54747.0000,NaN,6.3130E-05,2.4493E-05,6.5675E-06,2.7996E-06,1.5336E-06,9.2350E-07,5.0681E-07,2.0253E-07,2.3658E-08
54748.0000,NaN,6.1853E-05,2.3716E-05,6.4010E-06,2.7727E-06,1.4513E-06,8.3357E-07,4.9196E-07,2.6120E-07,1.8774E-08
54749.0000,NaN,6.1264E-05,2.4049E-05,6.5065E-06,2.7554E-06,1.4164E-06,7.5811E-07,4.3571E-07,2.3598E-07,1.7582E-08
54750.0000,NaN,5.9631E-05,2.3262E-05,6.2892E-06,2.6542E-06,1.3719E-06,7.5666E-07,4.4215E-07,2.3784E-07,1.3982E-08
54751.0000,NaN,5.6389E-05,2.2111E-05,5.9588E-06,2.5137E-06,1.2774E-06,6.7911E-07,3.5110E-07,2.0987E-07,1.2207E-08
54752.0000,NaN,5.1985E-05,2.0210E-05,5.4040E-06,2.2470E-06,1.1201E-06,5.7555E-07,3.2037E-07,1.7713E-07,7.7237E-09
54753.0000,NaN,4.7821E-05,1.8581E-05,4.9908E-06,2.1270E-06,1.1232E-06,6.4348E-07,3.4179E-07,1.6940E-07,3.9839E-09
54754.0000,NaN,4.4853E-05,1.7399E-05,4.6784E-06,1.9844E-06,1.0310E-06,5.8536E-07,3.6271E-07,1.2953E-07,2.3677E-09
54755.0000,NaN,4.3571E-05,1.6964E-05,4.5844E-06,1.9516E-06,9.8513E-07,4.9794E-07,2.9276E-07,5.8687E-08,1.0000E-09
54756.0000,NaN,4.1201E-05,1.6088E-05,4.3014E-06,1.7691E-06,8.6535E-07,4.0658E-07,1.8444E-07,8.3201E-08,1.0000E-09
54757.0000,NaN,3.9047E-05,1.5193E-05,4.0815E-06,1.7080E-06,8.6558E-07,5.1165E-07,3.0488E-07,8.8918E-08,1.0000E-09
54758.0000,NaN,3.7068E-05,1.4470E-05,3.9060E-06,1.6588E-06,8.3753E-07,4.4364E-07,2.6583E-07,1.2257E-07,1.0000E-09
54759.0000,NaN,3.5855E-05,1.3962E-05,3.7495E-06,1.5716E-06,7.8987E-07,3.7295E-07,1.9289E-07,7.5991E-08,1.0000E-09
54760.0000,NaN,3.3249E-05,1.2994E-05,3.4696E-06,1.4191E-06,6.8894E-07,3.5648E-07,1.5644E-07,5.5324E-08,1.0000E-09
54761.0000,NaN,3.0953E-05,1.1998E-05,3.2282E-06,1.3974E-06,7.6624E-07,4.6218E-07,3.0888E-07,4.9267E-08,1.0000E-09
54762.0000,NaN,2.9890E-05,1.1667E-05,3.1729E-06,1.3663E-06,7.0791E-07,3.7264E-07,1.8657E-07,7.2756E-08,1.0000E-09
54763.0000,NaN,2.9133E-05,1.1349E-05,3.0244E-06,1.2365E-06,5.9054E-07,2.8839E-07,2.1952E-07,5.0849E-08,1.0000E-09
54764.0000,NaN,2.7218E-05,1.0661E-05,2.8815E-06,1.2274E-06,6.5130E-07,3.6648E-07,1.3230E-07,4.7761E-08,1.0000E-09
54765.0000,NaN,2.5985E-05,1.0083E-05,2.6988E-06,1.1288E-06,5.6348E-07,2.9765E-07,1.9393E-07,3.1242E-08,1.0000E-09
54766.0000,NaN,2.4487E-05,9.5836E-06,2.5930E-06,1.1170E-06,6.0775E-07,3.7072E-07,1.8937E-07,4.6783E-08,1.0000E-09
54767.0000,NaN,2.3939E-05,9.3010E-06,2.5012E-06,1.0490E-06,5.2167E-07,2.6872E-07,1.6696E-07,3.6078E-08,1.0000E-09
54768.0000,NaN,2.2703E-05,8.9109E-06,2.4054E-06,1.0229E-06,5.4459E-07,3.3317E-07,1.9913E-07,4.9698E-08,1.0000E-09
54769.0000,NaN,2.2124E-05,8.6015E-06,2.3155E-06,9.7333E-07,4.8116E-07,2.2827E-07,1.0319E-07,3.0569E-08,1.0000E-09
54770.0000,NaN,2.0477E-05,8.0266E-06,2.1454E-06,8.9220E-07,4.6267E-07,2.8426E-07,2.0592E-07,3.0763E-08,1.0000E-09
54771.0000,NaN,2.0079E-05,7.7894E-06,2.1219E-06,9.3073E-07,4.9516E-07,2.4906E-07,7.5774E-08,3.2676E-08,1.0000E-09
54772.0000,NaN,1.8926E-05,7.4280E-06,1.9744E-06,7.9805E-07,3.9059E-07,2.2524E-07,1.7797E-07,3.0552E-08,1.0000E-09
54773.0000,NaN,1.8232E-05,7.0787E-06,1.9246E-06,8.5168E-07,4.8232E-07,2.7317E-07,7.7463E-08,2.4850E-08,1.0000E-09
54774.0000,NaN,1.7427E-05,6.8338E-06,1.8354E-06,7.5530E-07,3.6387E-07,2.0931E-07,1.6616E-07,2.5480E-08,1.0000E-09
54775.0000,NaN,1.6620E-05,6.4623E-06,1.7426E-06,7.6821E-07,4.6553E-07,3.0118E-07,7.2651E-08,1.9971E-08,1.0000E-09
54776.0000,NaN,1.6142E-05,6.3265E-06,1.7244E-06,7.3067E-07,3.4443E-07,1.8084E-07,1.4327E-07,2.0801E-08,1.0000E-09
54777.0000,NaN,1.5408E-05,6.0052E-06,1.6029E-06,6.8910E-07,4.2218E-07,3.1752E-07,5.2035E-08,1.8797E-08,1.0000E-09
54778.0000,NaN,1.5068E-05,5.9068E-06,1.6274E-06,7.0812E-07,3.2648E-07,1.3178E-07,1.0610E-07,1.9001E-08,1.0000E-09
54779.0000,NaN,1.4183E-05,5.5289E-06,1.4517E-06,5.9224E-07,3.3594E-07,2.7301E-07,6.2177E-08,1.5232E-08,1.0000E-09
54780.0000,NaN,1.3785E-05,5.3940E-06,1.5064E-06,7.0011E-07,3.7125E-07,1.4593E-07,1.1585E-07,1.7178E-08,1.0000E-09
54781.0000,NaN,1.3606E-05,5.3189E-06,1.4114E-06,5.7837E-07,3.3009E-07,3.0521E-07,7.8636E-08,1.6273E-08,1.0000E-09
54782.0000,NaN,1.3218E-05,5.1989E-06,1.4417E-06,6.6054E-07,3.4935E-07,1.3631E-07,1.2433E-07,1.9099E-08,1.0000E-09
54783.0000,NaN,1.2897E-05,5.0391E-06,1.3421E-06,5.4661E-07,3.0296E-07,2.9257E-07,6.7438E-08,1.5940E-08,1.0000E-09
54784.0000,NaN,1.2303E-05,4.8328E-06,1.3349E-06,6.2486E-07,3.4494E-07,1.1088E-07,1.0615E-07,1.6768E-08,1.0000E-09
54785.0000,NaN,1.1963E-05,4.6607E-06,1.2388E-06,4.9389E-07,2.6109E-07,2.6141E-07,5.4513E-08,1.2618E-08,1.0000E-09
54786.0000,NaN,1.1370E-05,4.4628E-06,1.2301E-06,5.8385E-07,3.4245E-07,9.4530E-08,8.4139E-08,1.2941E-08,1.0000E-09
