"",-9.000,-8.000,-7.000,-6.000,-5.000,-4.000,-3.000,-2.000,-1.000,0.000
54421.0000,NaN,0.0000E+00,0.0000E+00,0.0000E+00,0.0000E+00,0.0000E+00,0.0000E+00,0.0000E+00,0.0000E+00,0.0000E+00
54422.0000,NaN,0.0000E+00,0.0000E+00,0.0000E+00,0.0000E+00,0.0000E+00,0.0000E+00,0.0000E+00,0.0000E+00,0.0000E+00
54423.0000,NaN,-2.3229E-08,-3.1781E-10,5.3656E-11,2.4316E-09,4.8720E-09,1.6466E-08,6.3021E-08,3.2326E-07,2.9684E-03
54424.0000,NaN,-4.5731E-08,-2.1105E-09,-2.2150E-10,5.3722E-09,1.3587E-08,5.2759E-08,2.3823E-07,1.8684E-06,2.9659E-03
54425.0000,NaN,-7.0506E-08,-4.8141E-09,-7.8789E-10,8.4214E-09,-2.7943E-09,3.0293E-05,2.0677E-05,4.3309E-07,2.8253E-03
54426.0000,NaN,-9.6709E-08,-9.3432E-09,-5.6041E-08,7.7963E-06,9.2113E-06,1.8930E-07,2.9467E-07,7.9458E-05,2.7800E-03
54427.0000,NaN,7.3115E-06,9.5238E-06,4.1809E-07,8.2665E-08,1.3805E-07,1.6100E-05,2.5938E-06,1.2870E-04,2.7169E-03
54428.0000,NaN,1.0948E-09,1.0447E-08,2.8506E-06,1.0596E-07,8.8930E-07,1.4874E-05,3.2964E-06,1.7566E-04,2.6538E-03
54429.0000,NaN,3.0619E-07,1.2503E-07,2.4663E-06,9.6058E-08,1.1566E-06,1.3403E-05,4.1127E-06,2.1795E-04,2.5961E-03
54430.0000,NaN,5.5129E-07,1.8713E-07,2.2008E-06,9.4026E-08,1.4546E-06,1.2195E-05,5.2987E-06,2.5721E-04,2.5413E-03
54431.0000,NaN,7.4940E-07,2.6441E-07,2.0015E-06,9.8346E-08,1.8082E-06,1.1199E-05,6.8710E-06,2.9283E-04,2.4905E-03
54432.0000,NaN,9.1095E-07,3.5173E-07,1.8437E-06,1.1113E-07,2.2315E-06,1.0398E-05,8.9722E-06,3.2623E-04,2.4417E-03
54433.0000,NaN,1.0441E-06,4.4679E-07,1.7159E-06,1.3574E-07,2.7222E-06,9.7696E-06,1.1775E-05,3.5954E-04,2.3914E-03
54434.0000,NaN,1.1540E-06,5.4925E-07,1.6081E-06,1.6836E-07,3.2194E-06,9.1560E-06,1.5041E-05,3.8999E-04,2.3445E-03
54435.0000,NaN,1.2448E-06,6.6210E-07,1.5132E-06,2.0987E-07,3.6690E-06,8.4608E-06,1.8547E-05,4.1725E-04,2.3016E-03
54436.0000,NaN,1.3183E-06,7.9137E-07,1.4239E-06,2.6140E-07,4.0408E-06,7.6417E-06,2.1887E-05,4.4004E-04,2.2653E-03
54437.0000,NaN,1.3758E-06,9.4716E-07,1.3350E-06,3.3603E-07,4.3645E-06,6.8704E-06,2.5127E-05,4.6309E-04,2.2283E-03
54438.0000,NaN,1.4137E-06,1.1394E-06,1.2345E-06,4.4460E-07,4.6148E-06,6.2793E-06,2.7739E-05,4.8408E-04,2.1948E-03
54439.0000,NaN,1.4248E-06,1.3748E-06,1.1100E-06,6.1607E-07,4.7971E-06,6.0429E-06,2.9261E-05,5.0272E-04,2.1660E-03
54440.0000,NaN,1.3951E-06,1.6518E-06,9.5827E-07,9.0434E-07,4.9778E-06,6.1643E-06,2.9041E-05,5.1526E-04,2.1486E-03
54441.0000,NaN,1.3086E-06,1.9747E-06,8.2396E-07,1.4254E-06,5.3931E-06,6.6353E-06,2.7909E-05,5.3221E-04,2.1261E-03
54442.0000,NaN,1.1582E-06,2.4264E-06,8.3261E-07,2.2683E-06,6.0033E-06,7.0299E-06,2.5618E-05,5.4925E-04,2.1059E-03
54443.0000,NaN,1.0064E-06,3.4856E-06,1.1482E-06,3.2102E-06,6.3665E-06,6.9428E-06,2.2145E-05,5.6086E-04,2.0968E-03
54444.0000,NaN,1.1208E-06,6.0318E-06,1.5810E-06,3.5530E-06,5.9949E-06,6.4465E-06,1.8857E-05,5.7356E-04,2.0873E-03
54445.0000,NaN,1.7150E-06,8.1219E-06,1.6195E-06,3.1716E-06,4.9084E-06,5.5641E-06,1.5717E-05,5.8062E-04,2.0863E-03
54446.0000,NaN,1.4166E-06,5.3184E-06,1.3360E-06,2.6822E-06,3.9506E-06,4.6132E-06,1.2607E-05,5.7504E-04,2.1023E-03
54447.0000,NaN,3.6776E-07,1.4434E-06,6.8486E-07,2.0468E-06,3.3726E-06,4.1344E-06,1.0756E-05,5.7025E-04,2.1124E-03
54448.0000,NaN,6.1290E-08,2.4272E-07,1.6786E-07,8.1094E-07,2.2211E-06,3.5593E-06,9.9985E-06,5.6633E-04,2.1181E-03
54449.0000,NaN,1.8514E-08,7.3780E-08,6.8596E-08,1.9315E-07,5.7335E-07,1.5489E-06,7.0921E-06,5.5596E-04,2.1378E-03
54450.0000,NaN,8.9702E-09,2.9936E-08,5.0200E-08,9.5572E-08,2.3092E-07,4.7613E-07,1.8612E-06,5.4882E-04,2.1586E-03
54451.0000,NaN,1.5749E-08,3.7965E-08,8.6180E-08,1.5107E-07,2.1626E-07,4.7341E-07,1.5403E-06,4.1776E-04,2.3156E-03
54452.0000,NaN,1.8217E-08,5.7060E-08,1.5384E-07,3.2997E-07,5.6236E-07,8.3000E-07,1.7347E-06,2.3665E-04,2.5223E-03
54453.0000,NaN,2.9212E-08,6.5999E-08,1.3710E-07,2.4201E-07,4.2447E-07,8.3126E-07,2.3095E-06,1.3577E-04,2.6383E-03
54454.0000,NaN,1.7106E-08,4.9955E-08,1.1902E-07,2.2666E-07,3.8454E-07,6.3975E-07,1.3348E-06,9.1274E-05,2.6788E-03
54455.0000,NaN,2.3990E-08,5.2673E-08,1.0752E-07,1.9319E-07,3.4049E-07,7.6046E-07,3.0916E-06,7.5328E-05,2.6905E-03
54456.0000,NaN,1.2930E-08,3.6510E-08,8.3693E-08,1.5361E-07,2.5569E-07,4.0889E-07,6.9736E-07,5.3355E-05,2.7072E-03
54457.0000,NaN,1.4159E-08,2.9480E-08,5.8392E-08,1.0219E-07,1.7898E-07,5.1395E-07,6.7869E-06,4.5926E-05,2.7024E-03
54458.0000,NaN,1.2370E-08,3.5213E-08,8.3743E-08,1.6076E-07,2.8280E-07,4.3980E-07,6.7663E-07,4.7855E-05,2.6903E-03
54459.0000,NaN,1.0777E-08,2.0904E-08,4.0223E-08,6.5671E-08,1.0017E-07,2.7280E-07,6.3559E-06,3.8654E-05,2.6962E-03
54460.0000,NaN,7.6143E-09,1.9875E-08,4.6066E-08,9.2090E-08,1.9483E-07,3.5403E-07,6.0161E-07,3.9141E-05,2.6918E-03
54461.0000,NaN,1.0982E-08,2.0562E-08,3.8957E-08,6.2742E-08,9.0288E-08,1.8588E-07,4.5836E-06,4.3406E-05,2.6798E-03
54462.0000,NaN,3.9741E-09,8.1927E-09,1.6611E-08,3.0402E-08,6.9905E-08,1.7368E-07,3.6293E-07,4.2396E-05,2.6751E-03
54463.0000,NaN,9.4607E-10,-2.7391E-09,-8.8426E-09,-1.8200E-08,-2.6945E-08,-3.4661E-08,1.9174E-07,7.0789E-05,2.6395E-03
54464.0000,NaN,7.9329E-10,-2.0128E-09,-8.0605E-09,-1.8251E-08,-3.2422E-08,-2.3134E-08,2.7237E-07,7.1473E-05,2.6326E-03
54465.0000,NaN,5.7598E-09,7.6949E-09,1.2773E-08,2.0558E-08,3.5134E-08,7.2354E-08,6.7433E-07,7.4696E-05,2.6299E-03
54466.0000,NaN,9.4995E-09,2.5339E-08,5.6244E-08,9.8542E-08,1.6772E-07,3.2342E-07,1.1130E-06,6.3444E-05,2.6407E-03
54467.0000,NaN,2.2914E-08,4.5923E-08,9.2234E-08,1.6826E-07,2.8704E-07,5.1358E-07,2.0231E-06,6.3619E-05,2.6358E-03
54468.0000,NaN,1.6793E-08,4.8574E-08,1.1253E-07,2.0382E-07,3.5909E-07,7.8488E-07,2.3820E-06,5.7933E-05,2.6334E-03
54469.0000,NaN,2.4979E-08,4.9979E-08,1.0085E-07,1.8606E-07,3.4127E-07,7.1441E-07,3.3854E-06,6.4737E-05,2.6205E-03
54470.0000,NaN,1.5506E-08,4.3719E-08,1.0073E-07,1.8510E-07,3.5226E-07,9.9274E-07,2.8280E-06,6.2648E-05,2.6149E-03
54471.0000,NaN,2.2381E-08,4.4236E-08,8.9409E-08,1.6498E-07,3.0346E-07,6.2357E-07,4.5034E-06,7.6507E-05,2.5944E-03
54472.0000,NaN,1.6117E-08,4.4577E-08,1.0069E-07,1.8233E-07,3.5854E-07,1.3820E-06,2.6440E-06,7.9869E-05,2.5790E-03
54473.0000,NaN,1.5959E-08,3.0250E-08,6.0630E-08,1.1229E-07,2.0415E-07,3.4772E-07,6.4875E-06,9.0169E-05,2.5674E-03
54474.0000,NaN,7.3343E-09,1.6196E-08,3.2714E-08,5.4866E-08,1.1921E-07,1.6813E-06,1.2461E-06,9.8355E-05,2.5513E-03
54475.0000,NaN,1.1534E-08,2.0074E-08,4.0336E-08,7.8747E-08,1.5643E-07,2.8378E-07,8.7471E-06,1.1767E-04,2.5246E-03
54476.0000,NaN,4.4443E-09,6.1325E-09,8.3632E-09,9.0771E-09,1.5943E-08,8.3116E-07,5.8244E-07,1.2907E-04,2.5150E-03
54477.0000,NaN,7.8712E-09,1.1861E-08,2.2181E-08,4.4384E-08,1.0829E-07,2.1691E-07,8.6130E-06,1.5524E-04,2.4721E-03
54478.0000,NaN,1.0215E-08,2.2837E-08,4.5005E-08,6.7392E-08,9.4344E-08,7.2539E-07,1.8191E-06,1.8518E-04,2.4284E-03
54479.0000,NaN,1.1065E-08,2.0699E-08,4.1326E-08,7.8556E-08,1.7403E-07,2.9666E-07,1.0501E-05,2.1420E-04,2.3788E-03
54480.0000,NaN,7.4259E-09,1.4105E-08,2.6564E-08,4.1414E-08,6.6106E-08,6.7661E-07,3.3100E-06,2.3525E-04,2.3520E-03
54481.0000,NaN,9.0929E-09,1.5710E-08,3.0613E-08,5.8098E-08,1.5164E-07,3.6780E-07,1.0014E-05,2.5535E-04,2.3264E-03
54482.0000,NaN,4.0757E-09,3.2470E-09,1.1880E-09,-3.3004E-09,-3.5856E-09,7.5356E-08,2.4833E-06,2.6769E-04,2.3172E-03
54483.0000,NaN,5.1942E-09,5.4261E-09,6.7985E-09,9.7080E-09,4.5727E-08,2.5321E-07,9.2969E-06,2.8085E-04,2.3043E-03
54484.0000,NaN,6.2549E-09,8.9504E-09,1.4438E-08,2.0831E-08,3.6638E-08,1.6002E-07,3.2671E-06,2.9400E-04,2.2938E-03
54485.0000,NaN,1.0198E-08,1.9082E-08,3.6098E-08,5.9013E-08,1.1976E-07,3.9344E-07,5.4838E-06,3.1545E-04,2.2686E-03
54486.0000,NaN,8.2660E-09,1.5272E-08,2.9503E-08,4.9439E-08,7.8752E-08,2.3579E-07,2.2108E-06,3.1801E-04,2.2720E-03
54487.0000,NaN,6.5231E-09,9.6612E-09,1.6170E-08,2.5729E-08,6.2029E-08,2.7706E-07,3.9773E-06,3.1740E-04,2.2763E-03
54488.0000,NaN,5.0838E-09,5.8269E-09,7.5759E-09,9.3162E-09,2.0634E-08,1.1902E-07,1.4453E-06,3.1565E-04,2.2822E-03
54489.0000,NaN,4.5906E-09,3.7978E-09,2.6172E-09,2.3647E-10,7.3855E-09,9.7670E-08,2.8367E-06,3.1847E-04,2.2816E-03
54490.0000,NaN,3.2321E-09,2.1910E-10,-5.5686E-09,-1.4570E-08,-1.5738E-08,2.9437E-08,7.7837E-07,3.2031E-04,2.2830E-03
54491.0000,NaN,3.0527E-09,-4.4314E-10,-6.8512E-09,-1.6539E-08,-2.0902E-08,1.2894E-08,2.0531E-06,3.2580E-04,2.2786E-03
54492.0000,NaN,3.5870E-09,1.2179E-09,-3.1872E-09,-1.0026E-08,-9.7827E-09,3.2616E-08,5.6975E-07,3.3423E-04,2.2691E-03
54493.0000,NaN,8.9865E-10,-6.4412E-09,-2.0612E-08,-4.1566E-08,-5.7346E-08,-4.7298E-08,1.1862E-06,3.3585E-04,2.2714E-03
54494.0000,NaN,-5.8082E-10,-1.0670E-08,-3.0499E-08,-5.9949E-08,-9.3098E-08,-1.4347E-07,1.0798E-07,3.3920E-04,2.2701E-03
54495.0000,NaN,-2.9210E-09,-1.7332E-08,-4.5363E-08,-8.3147E-08,-1.0709E-07,-1.0905E-07,-1.0375E-07,3.4100E-04,2.2716E-03
54496.0000,NaN,-2.8043E-09,-1.7113E-08,-4.4480E-08,-8.0469E-08,-9.8359E-08,-5.5695E-08,-7.7811E-08,3.4801E-04,2.2643E-03
54497.0000,NaN,-1.7584E-10,-9.5737E-09,-2.6933E-08,-4.8760E-08,-6.2733E-08,-5.5353E-08,5.4770E-08,3.5866E-04,2.2498E-03
54498.0000,NaN,9.1136E-10,-6.6775E-09,-2.1693E-08,-4.4432E-08,-6.3604E-08,-8.3940E-08,1.6710E-07,3.6969E-04,2.2362E-03
54499.0000,NaN,2.6242E-09,-2.6041E-09,-1.2747E-08,-2.8930E-08,-4.1234E-08,-3.6533E-08,7.9039E-08,3.8746E-04,2.2056E-03
54500.0000,NaN,-2.7094E-10,-1.0742E-08,-3.1180E-08,-5.8975E-08,-7.7768E-08,-5.8211E-08,2.5431E-07,3.8908E-04,2.2075E-03
54501.0000,NaN,-2.1840E-08,-6.9623E-08,-1.6441E-07,-3.0323E-07,-4.6612E-07,-6.0309E-07,-8.0732E-07,3.3242E-04,2.3105E-03
54502.0000,NaN,-1.3140E-08,-4.6362E-08,-1.0934E-07,-1.8524E-07,-2.2571E-07,-2.6088E-07,-1.3515E-06,3.3398E-04,2.3107E-03
54503.0000,NaN,-9.0842E-09,-3.4248E-08,-7.5326E-08,-7.7434E-08,-2.9676E-08,-2.3521E-08,-2.5407E-08,3.3936E-04,2.3063E-03
54504.0000,NaN,-2.9978E-10,-9.4207E-09,-2.5832E-08,-3.6055E-08,-1.0992E-08,-4.8717E-09,7.1543E-09,3.4775E-04,2.3002E-03
54505.0000,NaN,1.7819E-09,-3.9224E-09,-1.4808E-08,-5.7874E-08,-5.6975E-07,-1.3702E-06,-6.6144E-07,3.4234E-04,2.3139E-03
54506.0000,NaN,3.8274E-09,-1.3184E-09,-1.2849E-08,-4.1243E-08,-7.0723E-07,-2.6700E-06,-2.3985E-06,3.4794E-04,2.3074E-03
54507.0000,NaN,2.2325E-09,-8.9938E-09,-3.1910E-08,-7.1481E-08,-6.0422E-07,-4.6075E-06,-4.4974E-06,3.4398E-04,2.3183E-03
54508.0000,NaN,-5.3469E-09,-2.9701E-08,-7.5693E-08,-1.4157E-07,-6.6389E-07,-4.9840E-06,-6.1063E-06,3.4189E-04,2.3262E-03
54509.0000,NaN,-3.0084E-08,-9.3715E-08,-2.0594E-07,-3.2453E-07,-1.0720E-06,-1.2937E-06,-3.7044E-06,3.4287E-04,2.3264E-03
54510.0000,NaN,-2.5417E-08,-7.7459E-08,-1.5255E-07,-1.7204E-07,-2.2159E-07,-2.0383E-07,-3.0285E-07,3.4696E-04,2.3164E-03
54511.0000,NaN,7.4985E-09,1.3273E-08,2.2625E-08,1.2383E-08,1.4486E-08,2.3422E-08,3.5705E-08,3.8289E-04,2.2653E-03
54512.0000,NaN,1.2822E-08,2.8523E-08,7.3949E-08,1.7981E-07,1.4831E-07,2.1070E-07,1.7933E-07,3.9809E-04,2.2564E-03
54513.0000,NaN,6.3491E-09,6.6319E-09,6.9882E-09,1.8377E-10,-1.6581E-07,-7.3948E-07,-9.6691E-07,3.9766E-04,2.2546E-03
54514.0000,NaN,4.5566E-09,-1.5975E-09,-1.5839E-08,-5.6836E-08,-2.9679E-07,-2.1627E-06,-3.0850E-06,3.8971E-04,2.2667E-03
54515.0000,NaN,-1.1165E-09,-1.8398E-08,-5.2292E-08,-1.1476E-07,-3.6024E-07,-2.7339E-06,-5.0002E-06,3.8174E-04,2.2803E-03
54516.0000,NaN,-4.7864E-08,-1.4442E-07,-3.1884E-07,-5.2311E-07,-8.8601E-07,-1.0642E-06,-1.2217E-05,2.9792E-04,2.4288E-03
54517.0000,NaN,-5.1559E-08,-1.4665E-07,-2.8998E-07,-3.5143E-07,-1.9901E-07,-2.0389E-07,-1.0126E-06,2.7603E-04,2.4623E-03
54518.0000,NaN,-2.7885E-08,-8.1346E-08,-1.1491E-07,-3.3954E-08,-2.5585E-08,-2.5731E-08,-3.2039E-08,2.6818E-04,2.4711E-03
54519.0000,NaN,-3.8987E-08,-1.1339E-07,-1.6779E-07,-6.6395E-08,-7.5354E-08,-6.7366E-08,-3.3205E-08,2.1379E-04,2.5630E-03
54520.0000,NaN,-1.0030E-09,-9.8395E-09,-7.6788E-08,-9.0379E-07,-2.4910E-06,-6.4239E-06,-1.3310E-05,1.1897E-04,2.7447E-03
54521.0000,NaN,1.5488E-09,-1.2592E-08,-6.5586E-08,-1.9023E-06,-4.7718E-06,-1.1807E-05,-2.2659E-05,5.6734E-05,2.8696E-03
54522.0000,NaN,-8.9293E-10,-2.7617E-08,-1.0997E-07,-2.3623E-06,-7.1631E-06,-1.6696E-05,-2.6752E-05,1.6599E-05,2.9443E-03
54523.0000,NaN,-7.6928E-09,-4.1291E-08,-1.3658E-07,-2.1245E-06,-9.8060E-06,-2.0925E-05,-2.4247E-05,-5.4658E-06,2.9692E-03
54524.0000,NaN,-1.3355E-08,-5.2953E-08,-1.5009E-07,-1.9864E-06,-1.2992E-05,-2.4942E-05,-1.4303E-05,-1.2820E-05,2.9448E-03
54525.0000,NaN,-2.2629E-08,-6.9250E-08,-1.7049E-07,-2.0891E-06,-2.0094E-05,-2.2510E-05,-3.6681E-06,-9.7641E-06,2.8792E-03
54526.0000,NaN,-1.0516E-07,-2.9886E-07,-6.1956E-07,-5.7229E-06,-2.7647E-05,-4.3954E-06,-5.1647E-06,-8.5951E-06,2.7996E-03
54527.0000,NaN,-2.1406E-07,-5.6516E-07,-9.8350E-07,-3.7584E-06,-2.8835E-06,-1.3688E-07,-3.8160E-07,1.7220E-05,2.6407E-03
54528.0000,NaN,4.0690E-09,1.3779E-08,1.2924E-08,2.4485E-08,2.0030E-08,3.7271E-09,4.0334E-09,1.2122E-04,2.5156E-03
54529.0000,NaN,1.1378E-08,2.7263E-08,1.3281E-08,2.2181E-08,1.2842E-07,9.8531E-07,6.9622E-07,1.9585E-04,2.2873E-03
54530.0000,NaN,-9.5158E-11,1.0651E-09,1.8134E-08,9.3789E-08,3.6078E-07,1.9523E-06,1.0373E-05,1.1202E-04,2.3488E-03
54531.0000,NaN,-1.8219E-09,-7.3595E-11,1.4825E-08,1.6816E-07,5.8903E-07,3.0228E-06,2.2949E-05,2.1971E-05,2.4303E-03
54532.0000,NaN,-2.6066E-09,2.0556E-10,1.8014E-08,2.5726E-07,8.8538E-07,4.5261E-06,3.9789E-05,-4.9840E-05,2.4763E-03
54533.0000,NaN,-2.1658E-09,1.3447E-09,2.6460E-08,3.4137E-07,1.2633E-06,6.5649E-06,6.1827E-05,-1.1013E-04,2.4949E-03
54534.0000,NaN,-7.6146E-10,2.6774E-09,3.1598E-08,3.7828E-07,1.6860E-06,8.9624E-06,8.7360E-05,-1.6919E-04,2.5127E-03
54535.0000,NaN,5.0982E-10,4.2303E-09,3.7269E-08,3.8881E-07,2.1771E-06,1.2015E-05,1.1735E-04,-2.2066E-04,2.5098E-03
54536.0000,NaN,2.9848E-09,1.0261E-08,5.7967E-08,4.7150E-07,3.0262E-06,1.8993E-05,1.7588E-04,-2.1016E-04,2.2892E-03
54537.0000,NaN,6.0257E-09,1.8124E-08,6.9803E-08,4.7304E-07,2.6583E-06,2.5241E-05,2.2013E-04,-1.6319E-04,2.1713E-03
54538.0000,NaN,1.2073E-08,3.6906E-08,1.0648E-07,5.8280E-07,2.3957E-06,3.9740E-05,3.1015E-04,9.5634E-05,1.6142E-03
54539.0000,NaN,1.2823E-08,3.8449E-08,1.0291E-07,4.8735E-07,1.9510E-06,4.4000E-05,3.3516E-04,7.4972E-05,1.7044E-03
54540.0000,NaN,1.8105E-08,5.6303E-08,1.5350E-07,6.3443E-07,2.5774E-06,5.8196E-05,4.4239E-04,1.3877E-04,1.2385E-03
54541.0000,NaN,2.6991E-08,7.8433E-08,2.0105E-07,7.5376E-07,3.3423E-06,7.3622E-05,5.5442E-04,1.8663E-04,7.9217E-04
54542.0000,NaN,2.4207E-08,7.5376E-08,2.0836E-07,8.0861E-07,3.9212E-06,8.7627E-05,6.6059E-04,9.2678E-05,5.3151E-04
54543.0000,NaN,3.0810E-08,9.0260E-08,2.5512E-07,1.0807E-06,6.3816E-06,1.1335E-04,8.2613E-04,1.4702E-04,-1.6352E-04
54544.0000,NaN,3.3577E-08,1.0294E-07,2.9006E-07,1.1978E-06,6.7127E-06,1.3981E-04,9.9816E-04,3.6500E-04,-9.7808E-04
54545.0000,NaN,3.4062E-08,1.0079E-07,3.0035E-07,1.5381E-06,1.2247E-05,1.7543E-04,1.1942E-03,4.5722E-04,-1.7798E-03
54546.0000,NaN,3.7266E-08,1.1482E-07,3.5598E-07,1.6163E-06,1.0818E-05,2.1716E-04,1.4163E-03,-7.6422E-04,9.6360E-04
54547.0000,NaN,3.4805E-08,1.0502E-07,3.2472E-07,2.1460E-06,2.1678E-05,2.5791E-04,1.3712E-03,-5.1241E-04,2.2629E-03
54548.0000,NaN,3.5726E-08,1.1117E-07,3.7063E-07,1.4896E-06,1.8794E-05,3.1869E-04,1.4583E-03,-3.6791E-04,1.3941E-03
54549.0000,NaN,4.2731E-08,1.2671E-07,3.8585E-07,4.0929E-06,3.9880E-05,3.9732E-04,1.6128E-03,-1.7478E-04,1.6864E-04
54550.0000,NaN,4.7906E-08,1.4924E-07,5.6037E-07,1.5431E-06,4.5796E-05,4.7106E-04,1.7797E-03,-8.1852E-05,-3.9495E-03
54551.0000,NaN,2.3750E-08,7.3137E-08,1.9011E-07,5.9567E-06,5.5911E-05,5.6977E-04,2.0701E-03,2.0060E-04,-5.5722E-03
54552.0000,NaN,1.0100E-07,3.1915E-07,1.9172E-06,8.0165E-06,7.4640E-05,6.1122E-04,2.4806E-03,3.9849E-04,-7.2907E-03
54553.0000,NaN,2.5709E-07,7.0918E-07,1.4392E-06,2.5842E-05,8.5100E-05,6.5119E-04,2.9462E-03,5.6988E-04,-8.2049E-03
54554.0000,NaN,2.2980E-08,8.7342E-08,2.8596E-06,5.9709E-06,1.1401E-04,6.7852E-04,3.0808E-03,2.1551E-04,-8.6655E-03
54555.0000,NaN,9.0834E-08,3.6899E-07,1.4118E-06,5.2908E-05,1.1331E-04,7.1404E-04,3.5609E-03,5.1833E-04,-6.2239E-03
54556.0000,NaN,8.3644E-08,2.2964E-07,2.9797E-06,1.1140E-04,1.0270E-04,7.2641E-04,3.7660E-03,1.6708E-04,-6.1932E-03
54557.0000,NaN,3.5064E-07,1.4622E-06,6.0773E-06,1.1802E-04,6.4727E-05,7.3179E-04,3.9564E-03,1.4676E-04,-5.6901E-03
54558.0000,NaN,4.4619E-07,1.0625E-06,9.6811E-06,8.6287E-05,6.9878E-05,7.7764E-04,4.2299E-03,1.1263E-04,-6.4582E-03
54559.0000,NaN,3.2315E-07,2.8680E-06,1.7909E-05,6.1106E-05,2.4376E-05,8.3008E-04,4.8398E-03,2.0330E-04,-4.6420E-03
54560.0000,NaN,2.2374E-07,4.0258E-07,1.0365E-05,2.5476E-05,1.6055E-04,9.1568E-04,5.4741E-03,1.5834E-04,-1.5758E-03
54561.0000,NaN,6.5141E-08,2.3303E-06,2.8903E-05,4.5659E-05,2.8980E-05,9.5522E-04,6.2312E-03,1.7390E-04,-4.6617E-04
54562.0000,NaN,1.3348E-06,1.9866E-06,2.0138E-05,1.2393E-05,1.4386E-04,1.1803E-03,7.1205E-03,7.8275E-04,1.7099E-04
54563.0000,NaN,2.8127E-07,1.3901E-06,3.1380E-05,1.1937E-04,3.7771E-05,1.1702E-03,8.1938E-03,1.1203E-04,-3.7086E-03
54564.0000,NaN,3.3657E-07,8.7282E-07,1.3730E-05,5.8573E-05,2.2287E-04,1.4603E-03,1.0069E-02,3.5514E-04,-1.0612E-02
54565.0000,NaN,1.7448E-07,7.1397E-07,3.0993E-05,5.2869E-05,9.2032E-05,1.4265E-03,1.1083E-02,-1.0661E-04,-9.8946E-03
54566.0000,NaN,4.3883E-07,9.7842E-07,1.3632E-05,4.9957E-05,1.4859E-04,1.6546E-03,1.2712E-02,-6.0625E-04,-1.1492E-02
54567.0000,NaN,1.8035E-07,7.1140E-07,2.7098E-05,3.2482E-05,1.6632E-04,1.8032E-03,1.2546E-02,-1.3413E-04,-4.9956E-03
54568.0000,NaN,5.0612E-07,9.3490E-07,2.1216E-05,4.3419E-05,2.0916E-04,1.9858E-03,1.1810E-02,-5.3931E-05,-6.0105E-03
54569.0000,NaN,3.0450E-07,1.3499E-06,3.3801E-05,2.7509E-05,2.3057E-04,2.1299E-03,1.1028E-02,-2.2671E-04,-5.3305E-03
54570.0000,NaN,2.3494E-07,4.1997E-07,3.3006E-05,2.5346E-05,4.8523E-04,2.2681E-03,9.7599E-03,-1.1389E-04,-2.0096E-03
54571.0000,NaN,2.5770E-07,1.5087E-06,6.5454E-05,5.3245E-05,3.6281E-04,2.2871E-03,5.8792E-03,-1.6270E-05,-1.0399E-03
54572.0000,NaN,9.7132E-07,1.7336E-06,2.1346E-05,1.0483E-05,5.3739E-04,2.1245E-03,5.9775E-03,-4.3699E-06,-5.0689E-04
54573.0000,NaN,1.6392E-07,7.0951E-07,1.1788E-04,2.1279E-04,4.7320E-04,1.8922E-03,6.9905E-03,-1.6610E-04,-5.3133E-04
54574.0000,NaN,1.9176E-06,3.0951E-06,5.0637E-05,6.4062E-06,9.5228E-04,1.9058E-03,6.6572E-03,-2.1459E-05,-2.9525E-04
54575.0000,NaN,2.5900E-07,7.9263E-07,3.1915E-05,5.0723E-04,7.9760E-04,1.3655E-03,2.4278E-03,-8.3820E-06,-1.8477E-04
54576.0000,NaN,6.3082E-07,1.3918E-06,4.1237E-05,1.3124E-04,1.6699E-03,1.7300E-03,2.5687E-03,3.0559E-06,-7.4849E-05
54577.0000,NaN,1.3334E-06,4.2588E-06,9.4093E-05,8.5211E-04,6.9392E-04,8.2477E-04,5.8601E-03,-2.0604E-05,-2.5186E-04
54578.0000,NaN,1.0267E-06,2.1851E-06,6.8822E-05,8.6029E-05,1.6999E-03,3.6230E-03,4.4907E-03,-1.1612E-05,-5.7006E-05
54579.0000,NaN,6.6546E-07,3.4682E-06,5.4855E-05,1.1047E-03,4.0705E-04,2.6699E-03,8.2908E-04,-1.9074E-05,-2.5643E-05
54580.0000,NaN,6.7857E-07,1.1145E-06,2.7862E-05,6.8292E-05,3.4739E-03,2.6585E-03,3.2506E-03,-2.5734E-05,-7.2829E-05
54581.0000,NaN,1.6743E-06,1.0241E-05,1.3461E-04,2.9295E-03,6.9038E-04,2.2582E-03,1.1527E-03,-5.2552E-06,-1.9980E-05
54582.0000,NaN,1.6221E-06,3.0737E-06,4.3590E-05,1.4645E-04,2.4680E-03,3.3263E-03,2.8097E-03,-2.5394E-07,-5.9963E-06
54583.0000,NaN,5.9971E-07,4.0952E-06,1.3808E-04,1.7516E-03,1.4100E-03,2.5267E-03,1.6054E-04,-3.6211E-05,-3.6222E-05
54584.0000,NaN,2.7214E-06,3.0969E-06,1.2789E-04,4.5323E-04,1.9584E-03,1.7058E-03,-4.2621E-04,-6.0142E-05,-7.3008E-05
54585.0000,NaN,1.4118E-06,7.4664E-06,2.2668E-04,1.0373E-03,1.7233E-03,1.9753E-03,-6.4403E-05,-1.5009E-06,-1.6691E-06
54586.0000,NaN,2.4346E-06,3.5311E-06,3.0710E-04,3.3585E-04,1.3109E-03,2.1886E-03,7.8432E-06,-5.9034E-07,-1.4528E-06
54587.0000,NaN,8.6767E-07,5.4685E-06,3.1258E-04,1.0261E-03,1.5163E-03,2.2868E-03,2.1863E-04,8.2964E-04,-5.1216E-03
54588.0000,NaN,2.3848E-06,2.7999E-06,2.5232E-04,1.4057E-04,1.1789E-03,2.3685E-03,1.7328E-03,7.5929E-04,-2.5058E-03
54589.0000,NaN,6.0925E-07,3.3886E-06,2.4295E-04,7.6142E-04,9.6033E-04,2.5191E-03,2.6735E-03,1.3373E-03,-9.8758E-04
54590.0000,NaN,4.2794E-06,5.4170E-06,1.9053E-04,4.2795E-04,1.2195E-03,2.8976E-03,2.0421E-03,-3.6247E-03,-5.3981E-03
54591.0000,NaN,1.0285E-06,4.5418E-06,2.9623E-04,5.0686E-04,1.0809E-03,3.2845E-03,-6.7355E-05,-5.3298E-04,-5.1217E-04
54592.0000,NaN,1.1665E-05,1.5588E-05,3.1432E-04,7.7347E-04,1.6536E-03,9.0261E-04,4.2346E-05,-6.9518E-05,-3.9385E-04
54593.0000,NaN,2.6590E-06,1.1494E-05,3.6414E-04,2.7995E-04,1.7629E-04,3.2766E-04,9.9721E-05,5.7004E-04,-3.9540E-04
54594.0000,NaN,3.1271E-07,5.4176E-07,7.6465E-06,3.6568E-05,6.1868E-04,1.2758E-03,1.2557E-03,4.6513E-04,-8.6640E-05
54595.0000,NaN,3.5777E-06,2.6039E-05,1.3141E-04,3.8040E-05,3.6503E-05,2.5831E-04,5.5972E-05,8.7273E-05,-1.0741E-04
54596.0000,NaN,3.4597E-06,3.3975E-05,8.9004E-05,2.6109E-05,6.5045E-04,1.5940E-03,3.4390E-03,-5.0922E-05,-2.8600E-04
54597.0000,NaN,3.8223E-06,2.5010E-05,1.1298E-04,1.5536E-04,2.9041E-04,5.9636E-04,4.3886E-04,-1.1740E-04,-2.2872E-04
54598.0000,NaN,2.4290E-06,2.4290E-05,9.6486E-05,4.3965E-05,5.4688E-04,2.6044E-03,2.8263E-04,-6.0008E-05,-1.1403E-04
54599.0000,NaN,1.4130E-06,8.4207E-06,2.8437E-05,7.4784E-05,2.1760E-04,5.2900E-03,1.4995E-04,7.9092E-06,-5.2096E-05
54600.0000,NaN,9.8745E-07,9.0937E-06,4.8663E-05,2.7312E-05,3.8199E-04,5.9073E-03,3.5235E-04,-1.8591E-05,-7.1323E-05
54601.0000,NaN,7.4493E-07,3.1516E-06,9.8537E-06,3.5513E-05,6.6100E-05,5.2750E-03,2.3978E-05,-2.8039E-05,-4.7824E-05
54602.0000,NaN,2.9371E-07,1.6406E-06,1.1666E-05,7.8192E-06,3.7088E-04,4.1491E-03,-6.5001E-04,-7.4084E-05,-6.0915E-05
54603.0000,NaN,1.2451E-06,1.9759E-06,4.0982E-06,2.3573E-05,1.0755E-05,7.8294E-04,1.4596E-05,-1.3319E-06,-9.8534E-06
54604.0000,NaN,1.8023E-06,6.2754E-06,2.3835E-05,1.9819E-05,1.9372E-03,1.6520E-03,7.5578E-06,-1.9039E-07,-4.1512E-06
54605.0000,NaN,2.4380E-06,4.0298E-06,8.2801E-06,7.4863E-05,5.6792E-05,2.6939E-03,2.9078E-04,6.0642E-05,-9.8939E-05
54606.0000,NaN,5.2449E-07,1.8382E-06,7.0109E-06,7.3974E-06,1.8557E-03,1.8112E-03,3.1878E-05,-1.0523E-05,-3.3726E-05
54607.0000,NaN,6.6307E-06,1.0502E-05,1.9567E-05,3.6913E-04,3.1198E-04,5.7487E-04,-1.2704E-05,-8.0806E-04,-3.0938E-04
54608.0000,NaN,5.5272E-07,1.7301E-06,3.5186E-06,2.4596E-06,1.9486E-04,1.7612E-04,-1.7664E-04,-5.3263E-05,-7.4805E-05
54609.0000,NaN,7.5780E-08,1.4444E-07,7.7461E-07,8.1765E-05,4.2798E-06,-4.9027E-04,-1.2053E-04,-1.1085E-05,-1.9174E-05
54610.0000,NaN,-2.0605E-07,-8.1137E-07,-1.9469E-06,-1.5655E-05,-1.0651E-03,-6.1001E-04,-6.5221E-05,-7.1353E-05,-5.0181E-05
54611.0000,NaN,-2.9263E-06,-7.8298E-06,-1.6195E-05,-1.3107E-04,-8.4374E-05,-3.1364E-05,-2.0422E-06,-1.3210E-05,-3.2886E-05
54612.0000,NaN,3.5736E-07,1.3637E-06,2.8663E-06,2.4458E-05,1.6857E-05,6.3751E-05,9.6904E-06,-1.1231E-07,-4.2425E-06
54613.0000,NaN,-7.1770E-07,-1.3094E-06,-2.5015E-06,-2.9688E-05,-1.3831E-04,-2.3555E-04,-4.1820E-05,-3.4274E-05,-2.2294E-05
54614.0000,NaN,5.7110E-07,2.2378E-06,6.5290E-06,1.7377E-05,1.4509E-05,1.8931E-05,1.4604E-05,-1.4020E-06,-5.3928E-05
54615.0000,NaN,-1.9210E-07,-4.2685E-07,-8.1408E-07,-2.9722E-06,-3.2209E-06,-2.6848E-06,-1.7446E-06,-6.4000E-06,-2.3145E-05
54616.0000,NaN,9.5086E-07,3.6077E-06,1.4447E-05,2.7967E-05,1.2832E-04,2.5808E-04,2.3232E-04,-1.7708E-05,-1.3255E-05
54617.0000,NaN,-4.9316E-06,-2.3029E-05,-1.1041E-04,-1.7715E-04,-2.8600E-04,-3.9469E-04,-2.0026E-04,-1.3745E-04,-1.7116E-04
54618.0000,NaN,-2.5938E-05,-8.4295E-05,-2.3106E-04,-1.3421E-04,-7.5485E-05,-8.0600E-05,-1.3503E-04,-3.5753E-05,-2.5215E-05
54619.0000,NaN,-2.1575E-06,-7.4433E-06,-1.2007E-05,-2.9466E-06,-9.2753E-07,-1.6166E-06,-4.2499E-06,-1.9486E-06,-3.1723E-06
54620.0000,NaN,2.6920E-08,1.0540E-07,4.6600E-07,1.2776E-07,-9.2974E-09,-1.6571E-06,-4.2135E-06,-2.7575E-05,-9.3289E-05
54621.0000,NaN,-4.8441E-06,-1.0687E-05,-2.4593E-05,-4.1182E-05,-4.8903E-05,-3.9805E-05,-7.4091E-05,-1.9314E-04,-2.4786E-04
54622.0000,NaN,-1.8889E-06,-5.7917E-06,-1.1853E-05,-2.2137E-05,-3.4903E-05,-3.4710E-05,-3.7627E-05,-5.0483E-05,-7.7881E-05
54623.0000,NaN,-7.6816E-08,-1.6499E-07,-2.7585E-07,-2.2384E-07,-2.2498E-07,-2.5943E-07,-5.8286E-07,-2.4744E-06,-6.7892E-06
54624.0000,NaN,2.4638E-06,7.8732E-06,1.2610E-05,4.1737E-06,1.5171E-06,1.2235E-06,9.0269E-07,-8.0233E-07,-6.5417E-06
54625.0000,NaN,1.4117E-06,4.1993E-06,3.1436E-06,-9.3862E-07,-9.5843E-06,-2.6368E-05,-4.9400E-05,-7.7803E-05,-1.0632E-04
54626.0000,NaN,9.3030E-06,2.3019E-05,2.4003E-05,3.8808E-05,5.9066E-05,3.4574E-05,-2.8595E-06,-4.2573E-05,-8.3096E-05
54627.0000,NaN,6.3061E-09,-2.6071E-07,-3.7272E-06,-1.5730E-05,-4.4661E-05,-7.9334E-05,-8.3833E-05,-3.6991E-05,-3.7458E-05
54628.0000,NaN,-4.5471E-06,-2.1818E-05,-3.6585E-04,-2.8575E-04,-1.6871E-04,-8.1822E-05,-3.9624E-05,-1.4480E-05,-1.1292E-05
54629.0000,NaN,1.1856E-06,5.3520E-06,2.4234E-05,1.9322E-05,3.8010E-05,2.6731E-05,6.4405E-06,2.2861E-06,-9.8771E-07
54630.0000,NaN,1.8529E-06,3.9811E-06,1.0073E-06,1.8136E-06,4.3323E-06,3.4723E-06,1.8463E-06,-4.0610E-06,-3.4606E-05
54631.0000,NaN,5.3138E-09,4.7365E-08,1.5802E-06,4.5130E-06,-2.3071E-05,-2.7238E-04,-6.9145E-04,-3.4476E-04,-1.9661E-04
54632.0000,NaN,-3.9236E-07,9.1523E-08,1.4018E-07,-2.8080E-06,-9.7843E-04,-4.1058E-04,-6.1011E-05,-8.4403E-06,-5.0928E-06
54633.0000,NaN,-1.5378E-04,-4.5297E-04,-1.1489E-04,-1.4822E-04,-2.6984E-04,-3.5814E-05,-6.6768E-06,-1.3357E-06,-2.0246E-06
54634.0000,NaN,-3.7008E-04,-3.0599E-04,-1.1832E-04,-1.1631E-04,-4.1128E-06,-5.2913E-06,-3.1162E-05,-2.8770E-04,-7.3038E-04
54635.0000,NaN,-1.2648E-04,-6.2114E-05,-1.8835E-06,1.6148E-06,3.5998E-07,2.3266E-06,-1.5112E-05,-1.9797E-04,-3.3908E-04
54636.0000,NaN,-1.0094E-05,3.0903E-06,1.0340E-06,1.8294E-06,1.8463E-05,2.5222E-06,-2.3771E-05,-2.9938E-04,-7.6914E-04
54637.0000,NaN,-2.5479E-06,-1.2139E-06,-9.0997E-06,-1.7071E-05,-4.2969E-05,-1.5920E-05,-1.0942E-04,-3.3306E-04,-4.4250E-04
54638.0000,NaN,-3.1808E-05,-4.7443E-05,-8.7126E-05,-1.7583E-04,-2.0963E-04,-1.2455E-04,-1.1310E-04,-2.9857E-04,-4.0487E-04
54639.0000,NaN,-2.6947E-05,-2.7566E-05,-1.9028E-05,-1.7458E-05,-2.8826E-05,-2.9770E-06,-5.2337E-06,-3.4246E-05,-6.5939E-05
54640.0000,NaN,6.3001E-06,3.0769E-06,3.0102E-07,4.6307E-07,6.9675E-07,2.7099E-07,3.4504E-07,-2.2354E-06,-2.0679E-05
54641.0000,NaN,1.0285E-06,1.9156E-06,2.4116E-06,4.3452E-06,9.2985E-06,6.4354E-05,6.0951E-05,2.8429E-05,-3.0450E-06
54642.0000,NaN,3.1516E-08,4.9107E-07,8.7884E-06,3.4140E-05,1.7509E-04,1.9893E-04,1.0734E-04,-6.6405E-05,-6.0570E-05
54643.0000,NaN,-2.2523E-08,9.1916E-07,1.9017E-05,6.8126E-05,4.6896E-04,2.2703E-04,1.5656E-06,-2.8654E-05,-4.8489E-05
54644.0000,NaN,-8.7010E-07,7.7212E-07,1.9437E-05,6.8247E-05,-6.2236E-04,-1.2807E-04,-1.8000E-04,-3.1684E-05,-1.1936E-05
54645.0000,NaN,-8.1023E-08,2.4414E-06,2.8415E-05,1.2979E-05,-1.1540E-04,1.3901E-05,3.1869E-06,-2.6692E-06,-3.9891E-06
54646.0000,NaN,-2.6490E-06,-6.5515E-06,-2.8659E-05,-2.6727E-04,-4.7365E-04,-1.0341E-04,-1.8230E-05,-6.4398E-05,-1.9430E-04
54647.0000,NaN,-2.4118E-07,-7.0377E-07,-1.3767E-05,-3.3495E-05,1.1692E-04,5.0428E-05,4.8283E-05,1.6215E-05,2.5492E-06
54648.0000,NaN,2.7351E-06,5.3868E-06,9.2949E-05,5.6181E-04,5.5106E-05,6.7547E-06,4.7611E-06,9.1876E-07,-4.0202E-06
54649.0000,NaN,5.6134E-07,3.1349E-06,3.2121E-05,9.5336E-05,1.4276E-04,1.8744E-04,-3.3916E-05,-2.8732E-04,-5.3302E-04
54650.0000,NaN,2.3914E-07,4.3208E-07,5.3056E-06,4.4291E-05,6.5742E-05,-3.6737E-05,-2.5145E-05,-2.1048E-05,-2.7050E-05
54651.0000,NaN,-1.2338E-07,-6.1754E-07,-2.1326E-06,-3.2099E-05,-1.0270E-03,-6.5880E-05,-9.9091E-05,-1.2854E-05,-1.4666E-05
54652.0000,NaN,-1.6613E-05,-7.2641E-05,-1.6971E-04,-4.9851E-04,-1.6210E-04,-1.8674E-04,-6.0360E-05,-9.6151E-05,-1.7891E-04
54653.0000,NaN,-2.6199E-06,-9.5636E-06,-1.2556E-05,-3.4902E-05,-5.7269E-06,-8.0710E-06,-2.4226E-06,-1.3795E-05,-2.7737E-05
54654.0000,NaN,5.9225E-07,1.2776E-06,5.6385E-07,1.8415E-06,1.1886E-06,7.7882E-07,4.4770E-07,-9.1030E-07,-3.8364E-06
54655.0000,NaN,-2.7921E-07,-1.2757E-06,-2.7649E-06,-3.8449E-06,-1.4010E-05,-1.3074E-05,-2.3140E-05,-2.0051E-05,-3.4075E-05
54656.0000,NaN,-1.0119E-07,-1.9255E-07,-5.5047E-07,-1.4516E-06,-3.4228E-06,-8.1051E-06,-1.3156E-05,-3.3888E-05,-5.8712E-05
54657.0000,NaN,-3.1943E-06,-1.3442E-05,-2.6702E-05,-2.8771E-05,-2.0883E-05,-2.6493E-05,-2.2162E-05,-3.0590E-05,-4.3871E-05
54658.0000,NaN,-2.3578E-05,-8.5589E-05,-4.2460E-04,-1.0589E-04,-2.4175E-05,-8.5177E-06,-5.4699E-06,-3.5042E-06,-5.5509E-06
54659.0000,NaN,-5.6108E-04,-7.6193E-04,-2.4250E-04,-1.9212E-05,-3.0457E-06,-9.7103E-07,-1.2564E-06,-2.0527E-06,-3.0105E-06
54660.0000,NaN,-1.7668E-03,-6.2642E-04,-1.1261E-04,-6.1868E-06,-8.6516E-06,-2.3360E-05,-1.0301E-04,-2.9113E-04,-4.5318E-04
54661.0000,NaN,-7.5540E-04,-2.0691E-04,-5.3962E-05,-4.8358E-06,-4.7874E-05,-2.0379E-04,-4.3859E-04,-7.8726E-04,-1.1187E-03
54662.0000,NaN,-9.6614E-05,-7.5370E-05,-7.0603E-05,-5.4357E-05,-5.5398E-04,-8.2309E-04,-5.3442E-04,-3.2900E-04,-2.7315E-04
54663.0000,NaN,-9.1777E-05,-1.3822E-04,-1.5780E-04,-1.1719E-04,-2.7335E-04,-8.4300E-05,-3.0183E-05,-3.2726E-05,-4.6011E-05
54664.0000,NaN,-1.6255E-05,-1.8492E-05,-3.7460E-06,-1.6709E-06,-4.3155E-06,-4.8244E-06,-5.9823E-06,-3.2067E-05,-1.0109E-04
54665.0000,NaN,-1.0285E-07,-6.5674E-08,-8.6704E-10,-6.8668E-10,-6.4629E-09,-1.0140E-07,-2.5836E-06,-1.9579E-05,-2.9230E-05
54666.0000,NaN,1.2669E-07,2.9194E-06,8.6660E-06,1.6720E-05,1.3060E-05,3.3378E-07,-1.6254E-05,-9.9906E-06,-1.6933E-05
54667.0000,NaN,-2.2380E-09,7.3850E-07,1.4862E-05,3.7899E-05,4.8809E-05,-1.9277E-04,-1.5674E-04,-3.4327E-05,-7.2204E-05
54668.0000,NaN,-8.2995E-08,2.3741E-06,2.4509E-05,6.3594E-05,7.9609E-05,-4.2763E-04,-6.1139E-05,-1.8592E-05,-3.0017E-05
54669.0000,NaN,-7.4741E-08,3.9319E-06,3.3279E-05,9.0136E-05,6.7140E-05,-1.7222E-04,-1.4840E-05,-2.4615E-06,-5.5989E-06
54670.0000,NaN,3.0635E-08,4.0593E-06,4.0762E-05,1.1394E-04,1.0270E-04,7.2980E-05,3.2558E-06,-1.3440E-06,-4.4924E-06
54671.0000,NaN,7.6674E-08,3.2804E-06,4.7373E-05,1.3112E-04,7.7467E-05,-4.4504E-05,-1.0553E-05,-3.3337E-05,-5.7973E-05
54672.0000,NaN,1.8436E-07,3.5468E-06,5.5663E-05,1.0568E-04,-2.9335E-05,-2.1773E-05,-4.4690E-06,-3.3935E-06,-5.4002E-06
54673.0000,NaN,-1.6289E-07,-2.1649E-06,-3.3476E-05,-1.1420E-04,-6.8397E-05,-6.8997E-05,-8.9756E-06,-5.7806E-06,-9.6881E-06
54674.0000,NaN,-5.2411E-07,-5.4602E-06,-6.0778E-05,-1.6302E-04,-2.3597E-04,-3.7478E-05,-3.3087E-05,-1.2846E-04,-2.6431E-04
54675.0000,NaN,-9.9072E-07,-7.6612E-06,-7.9464E-05,-1.5202E-04,-5.7920E-05,-2.8241E-05,-7.6920E-06,-8.0379E-06,-1.1041E-05
54676.0000,NaN,-1.1773E-07,-5.0513E-07,-3.9788E-06,-3.4031E-06,9.1415E-08,1.3170E-06,2.0072E-07,-5.4994E-07,-2.3440E-06
54677.0000,NaN,3.0103E-07,5.4309E-07,1.6989E-06,2.7826E-06,2.4697E-06,6.3509E-07,-6.1453E-07,-9.3972E-06,-2.9374E-05
54678.0000,NaN,-2.6387E-06,-1.3892E-05,-2.3135E-05,-2.7566E-05,-2.1232E-05,-2.8366E-05,-2.5262E-05,-2.4048E-05,-3.1373E-05
54679.0000,NaN,-8.3724E-07,-1.8923E-06,-2.6266E-06,-2.9834E-06,-2.4391E-06,-1.5954E-06,-1.5980E-06,-2.3079E-06,-3.1293E-06
54680.0000,NaN,-5.9710E-08,-2.3778E-07,-6.7694E-07,-1.9666E-06,-3.6294E-06,-4.4462E-06,-6.1497E-06,-9.8847E-06,-1.5841E-05
54681.0000,NaN,5.7574E-07,1.2544E-06,2.0792E-06,3.3480E-06,8.1600E-06,7.3611E-05,1.8027E-04,-8.7636E-04,-3.4525E-03
54682.0000,NaN,-1.1965E-06,1.9090E-06,8.1308E-06,3.5861E-05,3.5117E-05,1.2316E-04,-8.8508E-04,-4.1486E-04,-2.3786E-04
54683.0000,NaN,-5.7142E-06,3.0353E-06,1.2979E-05,5.0424E-05,4.8433E-05,-3.5226E-04,-7.4686E-04,-7.8294E-05,-1.5692E-04
54684.0000,NaN,-9.6538E-06,2.9166E-06,1.5118E-06,-2.6509E-04,-3.7393E-04,-4.1284E-04,-5.0495E-04,-2.9913E-04,-4.6454E-04
54685.0000,NaN,-1.0056E-05,3.7395E-06,-3.1615E-05,-6.8300E-04,-1.2803E-04,-1.6645E-04,-1.6685E-03,-8.5681E-05,-1.0815E-04
54686.0000,NaN,-1.5074E-05,-3.7796E-05,-4.1444E-04,-7.5237E-04,-4.0172E-05,-1.3859E-04,-4.0316E-05,-1.4307E-05,-3.7362E-05
54687.0000,NaN,-2.2057E-04,-2.5417E-04,-1.6524E-03,-2.1518E-05,-3.7896E-06,-5.5019E-06,-1.8456E-06,-7.9001E-06,-1.7418E-05
54688.0000,NaN,-1.8363E-04,-8.8428E-04,-1.6185E-04,-5.4378E-06,-3.2721E-06,-5.8667E-06,-3.9823E-05,-1.2408E-05,-1.4123E-05
54689.0000,NaN,-1.1586E-04,-5.2789E-04,-7.9443E-05,-2.4036E-05,-1.2030E-05,-1.8890E-05,-1.5703E-05,-2.4591E-05,-5.7721E-05
54690.0000,NaN,-2.5848E-05,-5.2046E-05,-6.2297E-05,-1.0447E-05,-6.1207E-06,-5.4357E-06,-3.4804E-06,-6.5068E-06,-1.0316E-05
54691.0000,NaN,-6.9233E-07,-3.1169E-06,-4.0089E-06,-1.2107E-06,-9.4709E-07,-1.2169E-06,-4.0401E-06,-5.4316E-06,-1.1194E-05
54692.0000,NaN,-1.5865E-07,-4.3021E-07,-1.1071E-06,-4.3230E-06,-1.4111E-05,-3.3027E-05,-5.5929E-05,-8.5467E-05,-1.5386E-04
54693.0000,NaN,-5.2467E-07,-1.5957E-06,-2.6952E-06,-4.5502E-06,-2.6978E-05,-6.2095E-05,-2.5266E-05,-1.4289E-05,-1.6702E-05
54694.0000,NaN,-4.7184E-07,-1.5929E-06,-4.0204E-06,-5.0757E-06,-7.1797E-06,-7.5279E-06,-5.0954E-06,-3.7140E-06,-6.6757E-06
54695.0000,NaN,-2.3636E-07,-6.5409E-07,-1.1427E-06,-1.7668E-06,-3.9874E-06,-3.2573E-06,-4.3153E-06,-1.2975E-05,-3.2984E-05
54696.0000,NaN,-6.4835E-07,-1.9054E-06,-5.9835E-06,-9.9424E-06,-1.0630E-05,-9.1783E-06,-4.8511E-06,-3.6055E-06,-3.5206E-06
54697.0000,NaN,-8.5267E-07,-1.9607E-06,-2.1744E-06,-1.3212E-06,-6.2239E-07,-5.1579E-07,-5.4440E-07,-6.6517E-07,-7.2253E-07
54698.0000,NaN,-8.3788E-09,-2.5426E-08,-7.4452E-08,-1.0909E-07,-1.0757E-07,-1.0807E-07,-2.4191E-07,-5.4465E-07,-8.4305E-07
54699.0000,NaN,3.8272E-09,9.4336E-09,1.5812E-08,3.9693E-08,2.0283E-07,7.1548E-07,2.7588E-07,-1.3629E-06,-3.9879E-06
54700.0000,NaN,2.0154E-07,1.5124E-06,7.5475E-06,4.5452E-06,4.2384E-06,6.6269E-06,2.4136E-06,1.0914E-06,1.4812E-06
54701.0000,NaN,5.8071E-07,1.6735E-06,2.9461E-06,5.6829E-07,1.1979E-07,8.4625E-08,-4.5683E-08,-4.7179E-07,-1.1929E-06
54702.0000,NaN,2.0785E-08,1.4669E-07,7.8767E-07,8.6450E-07,3.4364E-06,3.8196E-06,-7.6996E-06,-1.5541E-04,-6.3069E-04
54703.0000,NaN,1.2213E-08,3.9398E-08,1.6788E-07,1.8862E-07,2.5749E-06,1.4478E-05,-2.7373E-04,-2.2247E-04,-3.0266E-04
54704.0000,NaN,-3.6114E-08,-1.6769E-07,-9.0755E-07,-1.1317E-06,-4.8086E-06,-2.1543E-05,-4.0668E-04,-1.7662E-04,-3.7497E-04
54705.0000,NaN,-2.5497E-07,-5.2676E-07,-1.6561E-06,-2.0804E-06,-1.2260E-05,-2.4509E-05,-4.9213E-06,-8.3522E-05,-1.4866E-04
54706.0000,NaN,-4.5840E-08,-1.6425E-07,-5.9854E-07,-8.8745E-07,-2.4395E-06,-6.2248E-06,-1.8718E-06,-2.6123E-05,-1.0241E-04
54707.0000,NaN,-1.1303E-07,-1.8561E-07,-2.9598E-07,-5.8969E-07,-2.2883E-06,-9.5551E-06,-3.2409E-05,-9.9784E-05,-8.9899E-05
54708.0000,NaN,-1.7273E-07,-6.4920E-07,-1.8221E-06,-2.8021E-06,-4.1763E-06,-7.8616E-06,-4.1963E-06,-4.5395E-06,-1.9403E-05
54709.0000,NaN,-1.0068E-07,-1.9533E-07,-3.8115E-07,-5.1964E-07,-6.7629E-07,-1.0813E-06,-1.0342E-06,-2.9958E-06,-9.5649E-06
54710.0000,NaN,-6.8277E-09,-2.4377E-08,-6.8446E-08,-1.3580E-07,-2.4795E-07,-4.6394E-07,-4.6368E-07,-5.2716E-07,2.7685E-07
54711.0000,NaN,1.1148E-08,1.7623E-08,3.1952E-08,7.0488E-08,2.5339E-07,3.7629E-06,4.3712E-06,2.4165E-06,4.0912E-06
54712.0000,NaN,2.7751E-08,8.9562E-08,2.1692E-07,3.1110E-07,2.7079E-07,8.6100E-08,7.8644E-08,2.5984E-07,6.7016E-07
54713.0000,NaN,7.5041E-09,1.3258E-08,2.1467E-08,2.6645E-08,5.0391E-08,6.9203E-07,7.9279E-07,2.4922E-07,3.6935E-07
54714.0000,NaN,3.9318E-08,1.3686E-07,4.5494E-07,1.3973E-06,2.3559E-06,5.5181E-06,6.9737E-06,1.0348E-05,2.3170E-05
54715.0000,NaN,3.0958E-07,4.7861E-07,8.4758E-07,2.5624E-06,3.4686E-05,6.7536E-05,1.1919E-05,5.7186E-06,8.5253E-06
54716.0000,NaN,3.3114E-06,9.8812E-06,2.2272E-05,3.2623E-05,1.7123E-05,1.0335E-05,1.8544E-05,5.8899E-05,1.5040E-04
54717.0000,NaN,2.9987E-06,4.4617E-06,4.0888E-06,2.5181E-06,1.1275E-05,5.3505E-05,4.3427E-06,3.3628E-06,5.9559E-06
54718.0000,NaN,2.5751E-07,7.5927E-07,3.4025E-06,6.1814E-05,1.7807E-05,5.8003E-06,7.4481E-05,3.2776E-04,8.2734E-04
54719.0000,NaN,1.6560E-07,2.7598E-07,4.6692E-07,2.5440E-06,3.1943E-05,4.4290E-04,3.7603E-05,3.3375E-05,3.7976E-05
54720.0000,NaN,5.1556E-07,1.6084E-06,5.5985E-06,4.5087E-05,3.4120E-05,2.8140E-05,2.0752E-05,1.7557E-04,3.8707E-04
54721.0000,NaN,3.6121E-07,6.9254E-07,1.1674E-06,2.8238E-06,6.0200E-06,3.0753E-04,2.5158E-05,1.7674E-05,1.7713E-05
54722.0000,NaN,1.8426E-08,5.5230E-08,2.0624E-07,2.2267E-06,5.2951E-06,5.1166E-05,1.0092E-05,4.8200E-05,4.7931E-04
54723.0000,NaN,3.2545E-07,5.4566E-07,7.4348E-07,1.6812E-06,8.0312E-06,1.2011E-04,1.2121E-05,4.2441E-06,5.5439E-06
54724.0000,NaN,1.1632E-07,3.6824E-07,8.3335E-07,2.0673E-06,2.2046E-06,2.5307E-06,-3.2295E-07,-1.1153E-05,-1.1632E-04
54725.0000,NaN,-1.7850E-08,-3.5347E-08,-5.3401E-08,-9.4475E-08,-4.4599E-07,-6.7923E-06,-1.2882E-05,-1.7957E-06,-1.3179E-06
54726.0000,NaN,5.3693E-08,2.2808E-07,1.1267E-06,3.6074E-06,6.1400E-06,1.8054E-05,4.3728E-06,1.2736E-05,1.0738E-04
54727.0000,NaN,1.3386E-07,3.1698E-07,1.8155E-06,8.1129E-06,1.5681E-05,5.7700E-06,5.4968E-06,2.5329E-06,3.8992E-06
54728.0000,NaN,5.1341E-07,1.3892E-06,4.0358E-06,4.8679E-06,1.2858E-06,1.3987E-06,3.7434E-07,1.0812E-06,7.3973E-06
54729.0000,NaN,2.9580E-07,6.8824E-07,2.0896E-06,4.0931E-06,7.9305E-06,9.4075E-06,2.6706E-05,1.9606E-05,2.4183E-05
54730.0000,NaN,2.5787E-07,7.5621E-07,4.0941E-06,2.5585E-05,2.6131E-05,1.2483E-05,6.7464E-06,6.9837E-06,-1.4954E-04
54731.0000,NaN,-2.7603E-07,-6.3996E-07,-1.2875E-06,-2.3704E-06,-2.4593E-06,-4.9190E-06,-1.9590E-05,-1.6108E-05,2.4272E-04
54732.0000,NaN,-3.6756E-08,-1.4248E-07,-3.7322E-07,-2.5381E-06,-7.9129E-06,-2.7696E-05,-4.7169E-05,-1.4117E-04,6.9573E-04
54733.0000,NaN,-2.7089E-08,-1.0664E-07,-3.0442E-07,-1.2773E-06,-8.1186E-06,-4.1816E-05,-7.3659E-05,-1.8019E-04,8.7892E-04
54734.0000,NaN,-4.5621E-08,-1.6968E-07,-4.0843E-07,-1.7758E-06,-5.5725E-06,-5.8464E-05,-1.0550E-04,-2.2478E-04,1.0339E-03
54735.0000,NaN,-1.9848E-07,-4.9920E-07,-1.1653E-06,-3.9613E-06,-1.1247E-05,-6.1998E-05,-6.9378E-05,-2.1230E-04,9.2542E-04
54736.0000,NaN,-3.1467E-07,-8.9629E-07,-1.8360E-06,-5.3110E-06,-1.1965E-05,-8.1783E-06,-4.5750E-06,-2.7223E-05,6.1709E-04
54737.0000,NaN,-5.1708E-08,-1.3322E-07,-2.4043E-07,-3.6547E-07,-3.0757E-07,-2.0970E-07,-2.5429E-08,-1.6988E-08,5.7283E-04
54738.0000,NaN,-2.1661E-09,-1.3974E-08,-3.2039E-08,-1.4615E-08,-1.2406E-08,-1.4820E-08,-1.2336E-08,1.6850E-09,5.8078E-04
54739.0000,NaN,5.0712E-09,2.8178E-09,-2.7946E-09,-1.1019E-07,-6.3113E-07,-2.1694E-06,-6.5989E-06,4.1907E-06,6.0656E-04
54740.0000,NaN,1.7930E-08,1.2909E-08,3.0190E-09,-7.7577E-08,-1.3929E-06,-4.9826E-06,-1.3908E-05,6.7652E-06,6.3748E-04
54741.0000,NaN,2.7818E-08,1.8793E-08,-4.9430E-10,-1.5408E-07,-1.8157E-06,-7.9299E-06,-2.1179E-05,9.9931E-06,6.6647E-04
54742.0000,NaN,2.6510E-08,1.2725E-08,-1.4455E-08,-2.0643E-07,-1.7076E-06,-1.0888E-05,-2.7497E-05,1.6945E-05,6.8515E-04
54743.0000,NaN,1.3954E-08,-1.1957E-09,-3.2738E-08,-2.3955E-07,-1.6531E-06,-1.3021E-05,-3.3247E-05,2.5705E-05,6.9756E-04
54744.0000,NaN,3.7892E-09,-1.3425E-08,-4.6468E-08,-2.5242E-07,-1.5791E-06,-1.2162E-05,-3.9808E-05,3.3268E-05,7.1112E-04
54745.0000,NaN,-2.1856E-09,-2.2238E-08,-5.9925E-08,-2.3241E-07,-1.3709E-06,-7.7121E-06,-4.7988E-05,4.7279E-05,7.0498E-04
54746.0000,NaN,-1.0674E-08,-4.3639E-08,-1.0509E-07,-2.5944E-07,-1.3853E-06,-5.2368E-06,-4.6613E-05,5.6549E-05,7.0076E-04
54747.0000,NaN,-2.4721E-08,-8.5805E-08,-2.1002E-07,-3.8859E-07,-1.5020E-06,-4.9896E-06,-1.5747E-05,4.5244E-05,7.0463E-04
54748.0000,NaN,-3.5769E-08,-1.1475E-07,-2.6900E-07,-4.7243E-07,-1.2224E-06,-3.7280E-06,-4.7794E-06,2.0345E-05,7.0423E-04
54749.0000,NaN,-2.2828E-08,-7.8607E-08,-1.8110E-07,-2.9697E-07,-4.9786E-07,-1.3854E-06,-3.4844E-06,1.6862E-05,6.9642E-04
54750.0000,NaN,-9.0127E-09,-3.8794E-08,-9.6191E-08,-1.6648E-07,-1.9883E-07,-4.5588E-07,-1.3845E-06,1.9206E-05,6.9959E-04
54751.0000,NaN,-3.9721E-10,-1.6223E-08,-4.8208E-08,-1.0154E-07,-1.7039E-07,-2.7982E-07,-5.3191E-07,2.4741E-05,6.9754E-04
54752.0000,NaN,3.5616E-09,-7.4570E-09,-2.9966E-08,-6.5340E-08,-1.1587E-07,-1.8564E-07,-2.9743E-07,3.0111E-05,6.9452E-04
54753.0000,NaN,7.1997E-09,1.5367E-09,-9.8872E-09,-3.0113E-08,-4.5241E-08,-5.1664E-08,-5.4476E-09,3.0780E-05,6.9576E-04
54754.0000,NaN,6.1922E-09,-1.0172E-09,-1.5282E-08,-4.0044E-08,-6.6002E-08,-7.3545E-08,-3.2032E-08,2.5601E-05,7.0690E-04
54755.0000,NaN,6.4157E-09,-2.2097E-11,-1.2884E-08,-3.6315E-08,-6.4400E-08,-8.7286E-08,-2.5351E-08,2.1931E-05,7.1548E-04
54756.0000,NaN,6.4797E-09,-3.9212E-10,-1.4089E-08,-3.8335E-08,-6.1624E-08,-7.0687E-08,-2.3338E-08,1.9847E-05,7.2237E-04
54757.0000,NaN,8.3639E-09,4.5115E-09,-3.2980E-09,-1.9195E-08,-3.3781E-08,-3.1004E-08,3.6273E-08,1.7983E-05,7.2732E-04
54758.0000,NaN,9.9598E-09,8.1676E-09,4.4624E-09,-6.2729E-09,-1.5988E-08,-9.5639E-09,7.9191E-08,1.7416E-05,7.3043E-04
54759.0000,NaN,1.0833E-08,1.0096E-08,8.2985E-09,-1.6742E-10,-7.5542E-09,1.0268E-09,1.1970E-07,1.7467E-05,7.3181E-04
54760.0000,NaN,1.5515E-08,2.2090E-08,3.5018E-08,4.7839E-08,6.8006E-08,1.1230E-07,3.1601E-07,2.1989E-05,7.2543E-04
54761.0000,NaN,1.3309E-08,1.5809E-08,2.0121E-08,1.9350E-08,2.0031E-08,3.6455E-08,2.0261E-07,2.0626E-05,7.2748E-04
54762.0000,NaN,1.2459E-08,1.2720E-08,1.2957E-08,6.6448E-09,5.0034E-10,1.7354E-08,3.0490E-07,2.7368E-05,7.2260E-04
54763.0000,NaN,1.2488E-08,1.2084E-08,1.0667E-08,9.3131E-10,-1.0907E-08,-1.7224E-08,1.8177E-08,2.9773E-05,7.1353E-04
54764.0000,NaN,1.3425E-08,1.4059E-08,1.4910E-08,9.4035E-09,5.9864E-09,2.5670E-08,4.5859E-07,4.6259E-05,7.0048E-04
54765.0000,NaN,1.2878E-08,1.2371E-08,1.0763E-08,3.6565E-10,-1.2855E-08,-1.8624E-08,8.7414E-09,4.2902E-05,6.9694E-04
54766.0000,NaN,1.3522E-08,1.3482E-08,1.2888E-08,4.6060E-09,-4.5993E-09,-4.5156E-09,6.6619E-07,6.0776E-05,6.7811E-04
54767.0000,NaN,1.4201E-08,1.4643E-08,1.5243E-08,8.1037E-09,6.9411E-10,1.0400E-08,1.6511E-07,6.5818E-05,6.7293E-04
54768.0000,NaN,1.4669E-08,1.4793E-08,1.4352E-08,5.6603E-09,-2.8457E-09,-9.2637E-10,3.8887E-07,7.2971E-05,6.6411E-04
54769.0000,NaN,1.6481E-08,2.0247E-08,2.7476E-08,3.1089E-08,4.2100E-08,9.0620E-08,3.6121E-07,7.9621E-05,6.5779E-04
54770.0000,NaN,1.6449E-08,1.9060E-08,2.3689E-08,2.1601E-08,1.9443E-08,2.8587E-08,4.0409E-07,8.3214E-05,6.5220E-04
54771.0000,NaN,1.8107E-08,2.4069E-08,3.5427E-08,4.4973E-08,6.9706E-08,2.0253E-07,7.9474E-07,9.0060E-05,6.4427E-04
54772.0000,NaN,1.8817E-08,2.4195E-08,3.4757E-08,4.0900E-08,4.7135E-08,6.2674E-08,4.0085E-07,9.5429E-05,6.3582E-04
54773.0000,NaN,1.9122E-08,2.5563E-08,3.7152E-08,4.5122E-08,6.7857E-08,3.2574E-07,2.2523E-06,1.0392E-04,6.2393E-04
54774.0000,NaN,2.2296E-08,3.2056E-08,5.2952E-08,7.8640E-08,1.1717E-07,1.8028E-07,5.3847E-07,1.1280E-04,6.0853E-04
54775.0000,NaN,2.0088E-08,2.6300E-08,3.6498E-08,3.8967E-08,4.3096E-08,1.7437E-07,6.9800E-06,1.2214E-04,5.9666E-04
54776.0000,NaN,2.1773E-08,2.9845E-08,4.7570E-08,7.3844E-08,1.4743E-07,2.6417E-07,1.0929E-06,1.2987E-04,5.8417E-04
54777.0000,NaN,2.0571E-08,2.5749E-08,3.4444E-08,3.3940E-08,2.9572E-08,5.3840E-08,1.0172E-05,1.3885E-04,5.7423E-04
54778.0000,NaN,2.0308E-08,2.5249E-08,3.4789E-08,4.3695E-08,9.5117E-08,2.6145E-07,2.5546E-06,1.4476E-04,5.6331E-04
54779.0000,NaN,2.1715E-08,2.7450E-08,3.8992E-08,4.3522E-08,4.5383E-08,6.6562E-08,3.2295E-06,1.5225E-04,5.5296E-04
54780.0000,NaN,2.1273E-08,2.6882E-08,3.6087E-08,3.9776E-08,6.7023E-08,2.4737E-07,1.9847E-06,1.5890E-04,5.4607E-04
54781.0000,NaN,2.3483E-08,3.2929E-08,5.3097E-08,7.4556E-08,9.3278E-08,1.4465E-07,2.8950E-06,1.6676E-04,5.3795E-04
54782.0000,NaN,2.4555E-08,3.6041E-08,5.6697E-08,7.5970E-08,1.3380E-07,5.1398E-07,2.1240E-06,1.7415E-04,5.3001E-04
54783.0000,NaN,2.5456E-08,3.8228E-08,6.5632E-08,1.0339E-07,1.5107E-07,2.3109E-07,3.7979E-06,1.8082E-04,5.2220E-04
54784.0000,NaN,2.4995E-08,3.5654E-08,5.5745E-08,7.4571E-08,1.4469E-07,1.0105E-06,2.0539E-06,1.8537E-04,5.1655E-04
54785.0000,NaN,2.5319E-08,3.5290E-08,5.6897E-08,8.6701E-08,1.3086E-07,1.6750E-07,5.4777E-06,1.8904E-04,5.1143E-04
54786.0000,NaN,2.4915E-08,3.2859E-08,4.6987E-08,5.3619E-08,9.2957E-08,1.6466E-06,2.2066E-06,1.9174E-04,5.0564E-04
