"",-9.000,-8.000,-7.000,-6.000,-5.000,-4.000,-3.000,-2.000,-1.000,0.000
54421.0000,NaN,0.0000E+00,0.0000E+00,0.0000E+00,0.0000E+00,0.0000E+00,0.0000E+00,0.0000E+00,0.0000E+00,0.0000E+00
54422.0000,NaN,1.5000E-07,1.5004E-07,1.5004E-07,1.5004E-07,1.5004E-07,1.5004E-07,1.5004E-07,1.5004E-07,1.5001E-07
54423.0000,NaN,1.5009E-07,1.5042E-07,1.5055E-07,1.5093E-07,1.5442E-07,6.1068E-07,4.4933E-05,9.1619E-03,1.5583E-03
54424.0000,NaN,1.5065E-07,1.5316E-07,1.0216E-06,4.3123E-07,4.5556E-05,4.5700E-03,1.1392E-03,9.4472E-07,1.5794E-07
54425.0000,NaN,9.2579E-07,3.6061E-05,7.9128E-03,2.7093E-03,2.6606E-03,3.2909E-07,3.5583E-07,1.5763E-07,1.5001E-07
54426.0000,NaN,2.1391E-02,4.7781E-03,9.9605E-07,2.1285E-07,2.4842E-07,1.6162E-07,1.5091E-07,1.5423E-07,1.5007E-07
54427.0000,NaN,1.5267E-07,1.7898E-07,2.0145E-07,1.5010E-07,1.5028E-07,1.5890E-07,1.5268E-07,1.5437E-07,1.5006E-07
54428.0000,NaN,1.5006E-07,1.5003E-07,1.7179E-07,1.5041E-07,1.5081E-07,1.6052E-07,1.5578E-07,1.5515E-07,1.5004E-07
54429.0000,NaN,1.5012E-07,1.5009E-07,1.6791E-07,1.5115E-07,1.5187E-07,1.6551E-07,1.6064E-07,1.5652E-07,1.5002E-07
54430.0000,NaN,1.5029E-07,1.5021E-07,1.6979E-07,1.5261E-07,1.5389E-07,1.7527E-07,1.6820E-07,1.5861E-07,1.5001E-07
54431.0000,NaN,1.5059E-07,1.5041E-07,1.7559E-07,1.5531E-07,1.5778E-07,1.9304E-07,1.8010E-07,1.6168E-07,1.5000E-07
54432.0000,NaN,1.5131E-07,1.5077E-07,1.8644E-07,1.6024E-07,1.6528E-07,2.2491E-07,1.9905E-07,1.6607E-07,1.5000E-07
54433.0000,NaN,1.5263E-07,1.5142E-07,2.0543E-07,1.6924E-07,1.7976E-07,2.8183E-07,2.2951E-07,1.7229E-07,1.5000E-07
54434.0000,NaN,1.5537E-07,1.5262E-07,2.3853E-07,1.8574E-07,2.0748E-07,3.8254E-07,2.7875E-07,1.8095E-07,1.5000E-07
54435.0000,NaN,1.6050E-07,1.5483E-07,2.9694E-07,2.1625E-07,2.5985E-07,5.5718E-07,3.5844E-07,1.9272E-07,1.5000E-07
54436.0000,NaN,1.7051E-07,1.5901E-07,4.0195E-07,2.7338E-07,3.5767E-07,8.5209E-07,4.8712E-07,2.0821E-07,1.5000E-07
54437.0000,NaN,1.8959E-07,1.6704E-07,5.9505E-07,3.8260E-07,5.4051E-07,1.3381E-06,6.9354E-07,2.2766E-07,1.5000E-07
54438.0000,NaN,2.2659E-07,1.8292E-07,9.6002E-07,5.9904E-07,8.8519E-07,2.1239E-06,1.0208E-06,2.5111E-07,1.5000E-07
54439.0000,NaN,2.9925E-07,2.1555E-07,1.6726E-06,1.0537E-06,1.5398E-06,3.3771E-06,1.5298E-06,2.7941E-07,1.5000E-07
54440.0000,NaN,4.4669E-07,2.8668E-07,3.1215E-06,2.0902E-06,2.7879E-06,5.3394E-06,2.2976E-06,3.1664E-07,1.5000E-07
54441.0000,NaN,7.6374E-07,4.5640E-07,6.2436E-06,4.6369E-06,5.1671E-06,8.2466E-06,3.3620E-06,3.6803E-07,1.5000E-07
54442.0000,NaN,1.5245E-06,9.2359E-07,1.3210E-05,1.0519E-05,9.5345E-06,1.2191E-05,4.6321E-06,4.3786E-07,1.5000E-07
54443.0000,NaN,3.7369E-06,2.4220E-06,2.5345E-05,1.9111E-05,1.5718E-05,1.6882E-05,6.0240E-06,5.2958E-07,1.5000E-07
54444.0000,NaN,1.2309E-05,7.5717E-06,3.6928E-05,2.3238E-05,1.8930E-05,1.9383E-05,7.1824E-06,6.3010E-07,1.5000E-07
54445.0000,NaN,5.1724E-05,2.8793E-05,7.0044E-05,2.6448E-05,1.8251E-05,1.7633E-05,7.2276E-06,7.0034E-07,1.5000E-07
54446.0000,NaN,2.2714E-04,1.4013E-04,2.9800E-04,7.4358E-05,2.8890E-05,1.9719E-05,6.8919E-06,7.1160E-07,1.5000E-07
54447.0000,NaN,6.0994E-04,4.6989E-04,7.7020E-04,3.8213E-04,1.5242E-04,6.8269E-05,1.2257E-05,8.5303E-07,1.5000E-07
54448.0000,NaN,1.0422E-03,1.2651E-03,1.1673E-03,8.6961E-04,4.5802E-04,2.8191E-04,7.4929E-05,3.0388E-06,1.5000E-07
54449.0000,NaN,4.4371E-04,1.0661E-03,7.4238E-04,6.0244E-04,5.4501E-04,3.1742E-04,1.1606E-04,1.2280E-05,1.5000E-07
54450.0000,NaN,5.4396E-04,9.1792E-04,5.3539E-04,3.5441E-04,2.7213E-04,2.3520E-04,1.3972E-04,8.0719E-06,1.5000E-07
54451.0000,NaN,2.0804E-04,6.2719E-04,4.7606E-04,3.8296E-04,2.8186E-04,1.8127E-04,8.0844E-05,1.5310E-05,1.5000E-07
54452.0000,NaN,4.1363E-04,6.3393E-04,4.1187E-04,3.0438E-04,2.3106E-04,1.7307E-04,9.9861E-05,3.3577E-06,1.5000E-07
54453.0000,NaN,2.2604E-04,6.1303E-04,4.7076E-04,3.6960E-04,2.6976E-04,1.5297E-04,4.5300E-05,1.5526E-05,1.5000E-07
54454.0000,NaN,4.6886E-04,7.0698E-04,4.7433E-04,3.6261E-04,2.8013E-04,2.1845E-04,1.5502E-04,3.2568E-06,1.5000E-07
54455.0000,NaN,2.3875E-04,6.5873E-04,5.1166E-04,4.0676E-04,2.9611E-04,1.3605E-04,1.2315E-05,1.8674E-05,1.5000E-07
54456.0000,NaN,4.2607E-04,6.7007E-04,4.3268E-04,3.1716E-04,2.3443E-04,1.9038E-04,1.5004E-04,2.5750E-06,1.5000E-07
54457.0000,NaN,1.9769E-04,5.6767E-04,4.4149E-04,3.7070E-04,3.0940E-04,1.5982E-04,9.1197E-06,1.4714E-05,1.5000E-07
54458.0000,NaN,3.8528E-04,5.9030E-04,3.7908E-04,2.6335E-04,1.6666E-04,1.2474E-04,1.0570E-04,2.8489E-06,1.5000E-07
54459.0000,NaN,1.7420E-04,5.0747E-04,3.9871E-04,3.4066E-04,3.0433E-04,2.0233E-04,1.0889E-05,6.6265E-06,1.5000E-07
54460.0000,NaN,3.8321E-04,5.6666E-04,3.7004E-04,2.6057E-04,1.5495E-04,9.7342E-05,8.7867E-05,3.0609E-06,1.5000E-07
54461.0000,NaN,1.6255E-04,4.8256E-04,3.7820E-04,3.1381E-04,2.6957E-04,1.9301E-04,5.5864E-06,6.9351E-07,1.5000E-07
54462.0000,NaN,3.5743E-04,5.2561E-04,3.4387E-04,2.5070E-04,1.5721E-04,8.7640E-05,4.0589E-05,1.3379E-06,1.5000E-07
54463.0000,NaN,1.4629E-04,4.4275E-04,3.4692E-04,2.8893E-04,2.5742E-04,2.3025E-04,5.2603E-05,1.3667E-06,1.5000E-07
54464.0000,NaN,3.5975E-04,5.1286E-04,3.4752E-04,2.8052E-04,2.2192E-04,1.5961E-04,6.8299E-05,2.3709E-06,1.5000E-07
54465.0000,NaN,1.5481E-04,4.6012E-04,3.5609E-04,2.7563E-04,2.1142E-04,1.5308E-04,5.0412E-05,2.3597E-06,1.5000E-07
54466.0000,NaN,3.4257E-04,4.9858E-04,3.2914E-04,2.5562E-04,1.8845E-04,1.1102E-04,4.6147E-05,2.8045E-06,1.5000E-07
54467.0000,NaN,1.4337E-04,4.3094E-04,3.3014E-04,2.5007E-04,1.7605E-04,1.0706E-04,2.8103E-05,2.1570E-06,1.5000E-07
54468.0000,NaN,3.0193E-04,4.4548E-04,2.9246E-04,2.2207E-04,1.5175E-04,7.1014E-05,3.2109E-05,2.2749E-06,1.5000E-07
54469.0000,NaN,1.3878E-04,4.0563E-04,3.0735E-04,2.3162E-04,1.6262E-04,1.0083E-04,1.7016E-05,1.7528E-06,1.5000E-07
54470.0000,NaN,2.8040E-04,4.2200E-04,2.8204E-04,2.1701E-04,1.4354E-04,5.0884E-05,3.4177E-05,1.8016E-06,1.5000E-07
54471.0000,NaN,1.4306E-04,3.9934E-04,2.9674E-04,2.1881E-04,1.5545E-04,1.1790E-04,7.5598E-06,1.6176E-06,1.5000E-07
54472.0000,NaN,2.5659E-04,4.0319E-04,2.7229E-04,2.1013E-04,1.2409E-04,1.7978E-05,4.1808E-05,1.1323E-06,1.5000E-07
54473.0000,NaN,1.3289E-04,3.6286E-04,2.5805E-04,1.7864E-04,1.2127E-04,9.4924E-05,2.5791E-06,1.2596E-06,1.5000E-07
54474.0000,NaN,2.1909E-04,3.5903E-04,2.5581E-04,2.2894E-04,1.8489E-04,2.7055E-05,6.0598E-05,6.1688E-07,1.5000E-07
54475.0000,NaN,1.4348E-04,3.5900E-04,2.4820E-04,1.5594E-04,8.5793E-05,6.5561E-05,1.1840E-06,1.1868E-06,1.5000E-07
54476.0000,NaN,1.9725E-04,3.4467E-04,2.4781E-04,2.2326E-04,2.0373E-04,6.7515E-05,2.5890E-05,4.0659E-07,1.5000E-07
54477.0000,NaN,1.5910E-04,3.6741E-04,2.5966E-04,1.7963E-04,1.0354E-04,7.7838E-05,1.6926E-06,9.3786E-07,1.5000E-07
54478.0000,NaN,1.9045E-04,3.5018E-04,2.4253E-04,1.9564E-04,1.5391E-04,4.3223E-05,1.2652E-05,3.6648E-07,1.5000E-07
54479.0000,NaN,1.4556E-04,3.3415E-04,2.3112E-04,1.5940E-04,8.5030E-05,5.4011E-05,1.9313E-06,6.1048E-07,1.5000E-07
54480.0000,NaN,1.6618E-04,3.1575E-04,2.2248E-04,1.9159E-04,1.7845E-04,6.4349E-05,1.1326E-05,3.6933E-07,1.5000E-07
54481.0000,NaN,1.4653E-04,3.1996E-04,2.2201E-04,1.4961E-04,6.6376E-05,3.3774E-05,1.5628E-06,5.5256E-07,1.5000E-07
54482.0000,NaN,1.5297E-04,3.0013E-04,2.0965E-04,1.7577E-04,1.5624E-04,9.1631E-05,8.9417E-06,3.7631E-07,1.5000E-07
54483.0000,NaN,1.5522E-04,3.2362E-04,2.3747E-04,1.9540E-04,1.3182E-04,5.9505E-05,6.6813E-06,6.6613E-07,1.5000E-07
54484.0000,NaN,1.7264E-04,3.3454E-04,2.3166E-04,1.8200E-04,1.5812E-04,9.6108E-05,1.7436E-05,7.0157E-07,1.5000E-07
54485.0000,NaN,1.5915E-04,3.3550E-04,2.3800E-04,1.8086E-04,1.1017E-04,4.6717E-05,7.0766E-06,9.6298E-07,1.5000E-07
54486.0000,NaN,1.5634E-04,3.1411E-04,2.1437E-04,1.6641E-04,1.3836E-04,7.9689E-05,1.7184E-05,7.2019E-07,1.5000E-07
54487.0000,NaN,1.4544E-04,3.0616E-04,2.1726E-04,1.7390E-04,1.2259E-04,5.9031E-05,6.9439E-06,9.8218E-07,1.5000E-07
54488.0000,NaN,1.5172E-04,3.0266E-04,2.1049E-04,1.6733E-04,1.4372E-04,8.7564E-05,2.2966E-05,6.9949E-07,1.5000E-07
54489.0000,NaN,1.4614E-04,3.0384E-04,2.1629E-04,1.7333E-04,1.3577E-04,8.5877E-05,7.1320E-06,1.0918E-06,1.5000E-07
54490.0000,NaN,1.5133E-04,3.0264E-04,2.1208E-04,1.7129E-04,1.4524E-04,9.0230E-05,2.9307E-05,6.4202E-07,1.5000E-07
54491.0000,NaN,1.4319E-04,2.9829E-04,2.1072E-04,1.6871E-04,1.4349E-04,1.1415E-04,7.1373E-06,1.2309E-06,1.5000E-07
54492.0000,NaN,1.4531E-04,2.9246E-04,2.0395E-04,1.6084E-04,1.2439E-04,6.8995E-05,2.9298E-05,4.4217E-07,1.5000E-07
54493.0000,NaN,1.3455E-04,2.8197E-04,1.9901E-04,1.6427E-04,1.5508E-04,1.4040E-04,9.4556E-06,1.1889E-06,1.5000E-07
54494.0000,NaN,1.4033E-04,2.8120E-04,1.9930E-04,1.6611E-04,1.6504E-04,2.7903E-04,3.8975E-05,2.9577E-07,1.5000E-07
54495.0000,NaN,1.3785E-04,2.8465E-04,2.0491E-04,1.7478E-04,1.5932E-04,1.4727E-04,5.2185E-05,1.1794E-06,1.5000E-07
54496.0000,NaN,1.3936E-04,2.8019E-04,1.9330E-04,1.5114E-04,1.2509E-04,7.1617E-05,2.9438E-05,2.4368E-07,1.5000E-07
54497.0000,NaN,1.2492E-04,2.6386E-04,1.8505E-04,1.4709E-04,1.2839E-04,1.1787E-04,2.9670E-05,6.1155E-07,1.5000E-07
54498.0000,NaN,1.2780E-04,2.5721E-04,1.8087E-04,1.5055E-04,1.3793E-04,1.5177E-04,1.6720E-05,2.4825E-07,1.5000E-07
54499.0000,NaN,1.2240E-04,2.5471E-04,1.7940E-04,1.4150E-04,1.1484E-04,9.2972E-05,3.8925E-05,3.9656E-07,1.5000E-07
54500.0000,NaN,1.2626E-04,2.5324E-04,1.7922E-04,1.5156E-04,1.4862E-04,1.2725E-04,1.3128E-05,3.1118E-07,1.5000E-07
54501.0000,NaN,1.2192E-04,2.5440E-04,1.9696E-04,2.7875E-04,8.6235E-04,1.0336E-03,3.9285E-04,4.9497E-07,1.5000E-07
54502.0000,NaN,1.4524E-04,2.7942E-04,1.9848E-04,2.0909E-04,7.6549E-04,1.0921E-03,1.2086E-03,8.2789E-07,1.5000E-07
54503.0000,NaN,1.2906E-04,2.7227E-04,1.8512E-04,7.3032E-05,8.4777E-06,3.7513E-06,3.3406E-06,7.1130E-07,1.5000E-07
54504.0000,NaN,9.0084E-05,1.9542E-04,1.1828E-04,6.6449E-05,4.3687E-06,2.8036E-07,2.3851E-07,2.3637E-07,1.5000E-07
54505.0000,NaN,7.1131E-05,1.5725E-04,1.0566E-04,7.5673E-05,1.1614E-05,4.7799E-07,3.1420E-07,2.1967E-07,1.5000E-07
54506.0000,NaN,8.2653E-05,1.6144E-04,1.1660E-04,9.5125E-05,2.6956E-05,3.1674E-06,8.1778E-07,1.7142E-07,1.5000E-07
54507.0000,NaN,1.0055E-04,1.9371E-04,1.4745E-04,1.3917E-04,5.8912E-05,5.7299E-05,9.3052E-06,1.6459E-07,1.5000E-07
54508.0000,NaN,1.3926E-04,2.5867E-04,2.1450E-04,2.7404E-04,2.8078E-04,2.9191E-04,1.3210E-04,1.9180E-07,1.5000E-07
54509.0000,NaN,1.6171E-04,3.1556E-04,2.7033E-04,7.5168E-04,9.3875E-04,8.5979E-04,8.4311E-04,3.9567E-07,1.5000E-07
54510.0000,NaN,1.4036E-04,2.8009E-04,1.6075E-04,9.2096E-05,1.8273E-04,1.6665E-04,3.0688E-04,1.5355E-06,1.5000E-07
54511.0000,NaN,9.1922E-05,2.0336E-04,1.2712E-04,5.0366E-05,8.5943E-06,2.5093E-06,1.3522E-06,2.1352E-07,1.5000E-07
54512.0000,NaN,7.2021E-05,1.5430E-04,9.4483E-05,4.9380E-05,1.1794E-05,6.3326E-07,2.1600E-07,2.2973E-07,1.5000E-07
54513.0000,NaN,7.1578E-05,1.4820E-04,1.0469E-04,7.4842E-05,3.0578E-05,3.4869E-06,3.8062E-07,1.6110E-07,1.5000E-07
54514.0000,NaN,9.3504E-05,1.7488E-04,1.3038E-04,1.1640E-04,8.7928E-05,8.7904E-05,2.8477E-06,1.5777E-07,1.5000E-07
54515.0000,NaN,1.2201E-04,2.3183E-04,1.8892E-04,2.2312E-04,4.8524E-04,5.1538E-04,8.0784E-05,1.5978E-07,1.5000E-07
54516.0000,NaN,1.4302E-04,2.8086E-04,3.2694E-04,1.5129E-03,2.4036E-03,2.5904E-03,1.7700E-03,2.1283E-07,1.5000E-07
54517.0000,NaN,1.3560E-04,2.7627E-04,3.0318E-04,1.0881E-03,1.1826E-03,1.4414E-03,2.2736E-03,1.1434E-05,1.5000E-07
54518.0000,NaN,1.1602E-04,2.2599E-04,5.3166E-05,2.1887E-06,8.1574E-07,7.0135E-07,8.2690E-07,1.7917E-07,1.5000E-07
54519.0000,NaN,3.3865E-05,9.6906E-05,3.9619E-05,4.5615E-07,1.5241E-07,1.5058E-07,1.5083E-07,1.5241E-07,1.5000E-07
54520.0000,NaN,3.4391E-05,6.5426E-05,3.1210E-05,9.6236E-07,1.5793E-07,1.5182E-07,1.5396E-07,1.5475E-07,1.5000E-07
54521.0000,NaN,3.8946E-05,7.4815E-05,4.1092E-05,2.3637E-06,1.8609E-07,1.6281E-07,1.7116E-07,1.5814E-07,1.5000E-07
54522.0000,NaN,6.3906E-05,1.0024E-04,6.0890E-05,4.8051E-06,3.0175E-07,2.8242E-07,2.8274E-07,1.6107E-07,1.5000E-07
54523.0000,NaN,7.3209E-05,1.4060E-04,9.5421E-05,9.4854E-06,8.4294E-07,1.8135E-06,1.2075E-06,1.5315E-07,1.5000E-07
54524.0000,NaN,8.9609E-05,1.6750E-04,1.3160E-04,2.0284E-05,5.2721E-06,3.0029E-05,7.1514E-06,1.5039E-07,1.5000E-07
54525.0000,NaN,9.0941E-05,1.8824E-04,1.6817E-04,5.8748E-05,6.9284E-05,1.0714E-03,1.5918E-04,1.5004E-07,1.5000E-07
54526.0000,NaN,1.5953E-04,3.0254E-04,7.8912E-04,6.8081E-04,1.4674E-03,7.0979E-03,6.3854E-03,1.5000E-07,1.5000E-07
54527.0000,NaN,1.5769E-04,3.5038E-04,1.1168E-03,9.1848E-04,1.9659E-04,3.2142E-05,4.9000E-05,1.5001E-07,1.5000E-07
54528.0000,NaN,1.1297E-04,1.4842E-04,8.8205E-06,1.1343E-06,3.2143E-07,2.1829E-07,1.6843E-07,1.5001E-07,1.5000E-07
54529.0000,NaN,1.5317E-05,6.1490E-05,6.2652E-06,1.8971E-07,1.5297E-07,1.5397E-07,1.6295E-07,1.5002E-07,1.5000E-07
54530.0000,NaN,1.8325E-05,3.1979E-05,6.0007E-06,2.5693E-07,1.5897E-07,1.5584E-07,1.6932E-07,1.5006E-07,1.5000E-07
54531.0000,NaN,2.2558E-05,4.0228E-05,7.3389E-06,4.8405E-07,1.7957E-07,1.5882E-07,1.5989E-07,1.5024E-07,1.5000E-07
54532.0000,NaN,4.2518E-05,5.8243E-05,1.2717E-05,1.0544E-06,2.4057E-07,1.6219E-07,1.5131E-07,1.5095E-07,1.5000E-07
54533.0000,NaN,5.6988E-05,9.7801E-05,2.3597E-05,2.5176E-06,4.2309E-07,1.6569E-07,1.5037E-07,1.5393E-07,1.5000E-07
54534.0000,NaN,7.8489E-05,1.3615E-04,4.5797E-05,6.3769E-06,1.0416E-06,1.7125E-07,1.5005E-07,1.7085E-07,1.5000E-07
54535.0000,NaN,7.5856E-05,1.5707E-04,7.5786E-05,1.4125E-05,3.2678E-06,1.8701E-07,1.5000E-07,4.5590E-07,1.5000E-07
54536.0000,NaN,8.7432E-05,1.6446E-04,9.6146E-05,2.3260E-05,7.3569E-06,2.3967E-07,1.5000E-07,4.2157E-06,1.5000E-07
54537.0000,NaN,7.6147E-05,1.5922E-04,9.9149E-05,2.9292E-05,9.9614E-06,4.0041E-07,1.5000E-07,1.1911E-04,1.5000E-07
54538.0000,NaN,7.9134E-05,1.5174E-04,8.9872E-05,2.9457E-05,9.1004E-06,4.9648E-07,1.5000E-07,1.1390E-03,1.5000E-07
54539.0000,NaN,6.4067E-05,1.3866E-04,8.7307E-05,3.1889E-05,9.2354E-06,5.3735E-07,1.5000E-07,2.4064E-05,1.5000E-07
54540.0000,NaN,7.0160E-05,1.3444E-04,7.8077E-05,2.6897E-05,6.7392E-06,5.0742E-07,1.5000E-07,2.2061E-07,1.5000E-07
54541.0000,NaN,5.9573E-05,1.2703E-04,7.2103E-05,2.2345E-05,4.9058E-06,4.0085E-07,1.5000E-07,2.1347E-07,1.5000E-07
54542.0000,NaN,6.3363E-05,1.2303E-04,7.0041E-05,2.2227E-05,4.5676E-06,3.7205E-07,1.5000E-07,1.8720E-05,1.5000E-07
54543.0000,NaN,5.7702E-05,1.2020E-04,6.4684E-05,1.6009E-05,2.9204E-06,2.8140E-07,1.5000E-07,7.3504E-03,1.5001E-07
54544.0000,NaN,5.9170E-05,1.1515E-04,5.9461E-05,1.6455E-05,2.8520E-06,2.5559E-07,1.5000E-07,1.1584E-03,2.6918E-05
54545.0000,NaN,5.4146E-05,1.1238E-04,5.8925E-05,1.1151E-05,2.2773E-06,2.0722E-07,1.5000E-07,8.4337E-04,1.3245E-02
54546.0000,NaN,5.5756E-05,1.0801E-04,5.1148E-05,1.4544E-05,1.7425E-06,1.9276E-07,1.5000E-07,3.3229E-07,1.5000E-07
54547.0000,NaN,5.1456E-05,1.0628E-04,5.5149E-05,6.0273E-06,1.7182E-06,1.7182E-07,1.5000E-07,1.5032E-07,1.5000E-07
54548.0000,NaN,5.1672E-05,1.0021E-04,4.3408E-05,1.8990E-05,4.2743E-07,1.6095E-07,1.5000E-07,1.5015E-07,1.5000E-07
54549.0000,NaN,5.0846E-05,1.0293E-04,5.3511E-05,6.7699E-07,9.8526E-07,1.5368E-07,1.5000E-07,5.3515E-07,1.5037E-07
54550.0000,NaN,4.4491E-05,8.6720E-05,2.6433E-05,9.7185E-06,3.8219E-06,1.0791E-06,1.5000E-07,2.2477E-06,1.5106E-07
54551.0000,NaN,4.1947E-05,8.9847E-05,7.1440E-05,5.4208E-06,2.4848E-06,1.0390E-06,1.5001E-07,2.2962E-06,1.5075E-07
54552.0000,NaN,6.4745E-05,9.6139E-05,5.4499E-06,5.7175E-06,7.0918E-07,6.4861E-07,1.5001E-07,4.6942E-07,1.5033E-07
54553.0000,NaN,2.1409E-05,4.3604E-05,1.9779E-05,1.6600E-07,1.8174E-06,1.5813E-06,1.5002E-07,2.5952E-06,1.5249E-07
54554.0000,NaN,3.8343E-05,7.5132E-05,1.4662E-05,6.2278E-07,3.7163E-06,2.9074E-06,1.5005E-07,7.4400E-06,1.5339E-07
54555.0000,NaN,3.7854E-05,5.4280E-05,2.2244E-05,2.0717E-06,6.0509E-06,4.7469E-06,1.5008E-07,2.0554E-06,1.5538E-07
54556.0000,NaN,7.9992E-05,1.5172E-04,4.3477E-05,5.6171E-06,7.4035E-06,5.6650E-06,1.5008E-07,4.8545E-06,1.6550E-07
54557.0000,NaN,1.2356E-04,8.9804E-05,2.6229E-05,8.5765E-06,1.8611E-05,9.6139E-06,1.5010E-07,1.1806E-05,1.6630E-07
54558.0000,NaN,1.2471E-04,3.6681E-04,9.7183E-05,1.0262E-05,2.5378E-06,4.2389E-06,1.5023E-07,1.4334E-05,2.2079E-07
54559.0000,NaN,1.4050E-04,5.6566E-05,3.1059E-05,6.1443E-06,1.5008E-05,1.5429E-05,1.5056E-07,2.0644E-05,2.1921E-07
54560.0000,NaN,9.0893E-06,5.5944E-05,2.6725E-05,2.0605E-05,4.9671E-06,7.0321E-07,1.5032E-07,4.2049E-06,2.0066E-07
54561.0000,NaN,8.9583E-05,6.4538E-05,1.2007E-05,4.8462E-07,9.2233E-06,7.5354E-06,1.5055E-07,4.0967E-05,3.5334E-07
54562.0000,NaN,5.3199E-05,1.0820E-04,3.3591E-05,4.8083E-06,4.7601E-06,5.6250E-07,1.5345E-07,1.7425E-05,8.2069E-07
54563.0000,NaN,2.1004E-04,2.0660E-04,1.4338E-05,3.9300E-06,3.4723E-06,3.8076E-06,1.5430E-07,9.9837E-05,2.4372E-06
54564.0000,NaN,6.6283E-05,1.9907E-04,9.4733E-05,9.1304E-06,8.0243E-06,1.0508E-06,1.5700E-07,4.0062E-05,2.2469E-06
54565.0000,NaN,3.0742E-04,3.1511E-04,2.9851E-05,1.2499E-05,3.0844E-06,1.8982E-06,1.5011E-07,1.2973E-04,6.3843E-06
54566.0000,NaN,6.8184E-05,2.4951E-04,1.6487E-04,1.5800E-05,1.1172E-05,2.5129E-06,1.6861E-07,2.2951E-04,3.9165E-06
54567.0000,NaN,2.3571E-04,2.3036E-04,3.2424E-05,1.9853E-05,7.5074E-06,3.5179E-06,1.6760E-07,5.1843E-05,4.4842E-06
54568.0000,NaN,8.3838E-05,3.1683E-04,1.5164E-04,1.8866E-05,6.1648E-06,2.8552E-06,1.5321E-07,1.2714E-04,1.3565E-05
54569.0000,NaN,1.6150E-04,1.5490E-04,8.8765E-06,9.3320E-06,3.8078E-06,4.2191E-06,2.3968E-07,1.0124E-03,2.5075E-05
54570.0000,NaN,4.0878E-05,1.7929E-04,5.5856E-05,4.2413E-05,3.9227E-06,7.0278E-06,5.4512E-07,5.7648E-04,2.1034E-05
54571.0000,NaN,4.0958E-04,3.2098E-04,1.3991E-05,4.3969E-06,7.1331E-06,6.5956E-06,2.5774E-07,3.0661E-05,2.8157E-05
54572.0000,NaN,2.7783E-05,1.4641E-04,2.7999E-05,1.2422E-04,3.3110E-06,3.3062E-06,3.5438E-07,4.4863E-04,7.0626E-05
54573.0000,NaN,2.7211E-04,2.6849E-04,2.7998E-05,2.9877E-07,2.5328E-06,1.2862E-05,4.4174E-06,8.9530E-04,1.2556E-04
54574.0000,NaN,7.5664E-05,2.3806E-04,3.7209E-05,7.7515E-06,2.8858E-06,7.3152E-06,7.1216E-06,2.6775E-04,1.7854E-04
54575.0000,NaN,3.4688E-04,4.1524E-04,4.7357E-05,5.1504E-06,1.3910E-05,6.0666E-05,1.6290E-06,1.0117E-04,3.5546E-05
54576.0000,NaN,2.9024E-04,7.2436E-04,2.0115E-04,5.8844E-05,3.9446E-06,6.6100E-07,1.6237E-06,4.9598E-04,3.7027E-04
54577.0000,NaN,4.9822E-04,5.0913E-04,8.9332E-05,2.1231E-06,1.3422E-05,3.6782E-06,1.8199E-05,6.9702E-04,6.9362E-04
54578.0000,NaN,1.5456E-04,6.1055E-04,3.4942E-04,6.3826E-05,5.7939E-06,8.6550E-06,3.5398E-06,4.2956E-04,2.0362E-04
54579.0000,NaN,2.6663E-04,2.4755E-04,5.7371E-05,1.2993E-06,2.6035E-05,5.1686E-06,5.1209E-06,6.3403E-04,4.8785E-04
54580.0000,NaN,1.5578E-04,5.1832E-04,2.5102E-04,4.2609E-05,9.4992E-06,8.3883E-07,6.5920E-07,1.2177E-03,1.0272E-03
54581.0000,NaN,6.0305E-04,4.1965E-04,5.4704E-05,7.2071E-07,2.0203E-06,2.2273E-06,1.9602E-05,5.3531E-04,5.8006E-04
54582.0000,NaN,5.3086E-05,3.8971E-04,2.0616E-04,8.7639E-06,5.6582E-06,6.4874E-06,4.6344E-06,4.2054E-04,3.3498E-04
54583.0000,NaN,3.0946E-04,2.2222E-04,3.2556E-05,3.0700E-06,3.0262E-06,8.1206E-07,6.2819E-05,1.0388E-02,1.2039E-02
54584.0000,NaN,8.3690E-05,4.0976E-04,1.2833E-04,1.2619E-05,4.7437E-06,1.9244E-06,7.5156E-05,1.0968E-02,8.5348E-03
54585.0000,NaN,5.2912E-04,3.3793E-04,1.7624E-05,3.1231E-06,2.3170E-06,2.7042E-06,2.0941E-05,1.4473E-06,6.0508E-07
54586.0000,NaN,4.7520E-05,3.6346E-04,1.0585E-04,1.3060E-05,3.9184E-06,3.1432E-06,5.2902E-07,9.6131E-07,2.8120E-06
54587.0000,NaN,4.1543E-04,2.7388E-04,7.5463E-06,1.9076E-06,4.2615E-06,2.3940E-06,1.2049E-06,2.9696E-06,4.3638E-06
54588.0000,NaN,3.9338E-05,2.9399E-04,5.4928E-05,8.1617E-06,2.5535E-06,1.2805E-06,1.9597E-06,3.3996E-06,7.4000E-06
54589.0000,NaN,6.6858E-04,4.6930E-04,1.5105E-05,9.6405E-06,4.7238E-06,2.1874E-06,1.3233E-05,6.6403E-05,9.4919E-05
54590.0000,NaN,8.3533E-05,5.0667E-04,1.0521E-04,2.5104E-05,1.7404E-05,4.4469E-05,4.7323E-04,1.2610E-04,5.3422E-05
54591.0000,NaN,2.5576E-03,1.7033E-03,1.1634E-04,1.4878E-04,2.9340E-04,1.4417E-04,2.4179E-04,1.4277E-05,7.9850E-06
54592.0000,NaN,3.9104E-03,9.6579E-03,3.9728E-03,2.5507E-04,1.7693E-05,8.0645E-06,9.1814E-06,1.9723E-05,2.9693E-05
54593.0000,NaN,2.4213E-04,1.8921E-04,9.5379E-05,2.8755E-04,3.8363E-04,6.7442E-05,2.1493E-04,7.8363E-05,5.1229E-05
54594.0000,NaN,1.1389E-04,7.4561E-05,3.7708E-05,1.7133E-04,8.6682E-06,1.6954E-05,2.2872E-06,3.6556E-05,4.9617E-05
54595.0000,NaN,1.0154E-04,7.5027E-05,3.1560E-05,2.5041E-05,2.4637E-05,1.4034E-05,1.3174E-05,9.1999E-05,1.1332E-04
54596.0000,NaN,2.5552E-04,9.5449E-05,3.1168E-05,8.8282E-05,4.1563E-06,1.3668E-06,1.3787E-05,2.0116E-04,2.0695E-04
54597.0000,NaN,2.5114E-04,1.8544E-04,9.4069E-05,3.0756E-05,1.7362E-05,8.5077E-06,7.5515E-05,2.4100E-04,1.9620E-04
54598.0000,NaN,9.8275E-04,4.0984E-04,1.0635E-04,2.5383E-04,1.9485E-05,3.5769E-06,2.0365E-05,2.2777E-04,2.1730E-04
54599.0000,NaN,5.5471E-04,8.1458E-04,4.6354E-04,1.3565E-04,1.1367E-04,1.1949E-06,9.1162E-05,3.6928E-04,4.2622E-04
54600.0000,NaN,1.9602E-03,1.5872E-03,3.3892E-04,6.5684E-04,1.6898E-05,7.0578E-06,1.1743E-05,4.5722E-04,4.8314E-04
54601.0000,NaN,1.7517E-04,8.1651E-04,6.3637E-04,1.4597E-04,3.5382E-04,1.9280E-05,5.5808E-04,2.0860E-03,1.4856E-03
54602.0000,NaN,9.3700E-04,9.0810E-04,3.8627E-04,6.4831E-04,9.6846E-06,5.2315E-05,2.0286E-03,5.4575E-03,2.6536E-03
54603.0000,NaN,1.8220E-04,8.6041E-04,6.7252E-04,1.0293E-04,1.6083E-04,1.1963E-06,2.3034E-05,4.8455E-05,4.5264E-05
54604.0000,NaN,1.0372E-03,1.0419E-03,4.3472E-04,5.4486E-04,3.0231E-06,2.8080E-05,3.3633E-04,7.0798E-04,7.4122E-04
54605.0000,NaN,1.1876E-04,6.7333E-04,5.9648E-04,4.4796E-05,7.7921E-05,4.3797E-05,1.4785E-05,5.3890E-05,5.6294E-05
54606.0000,NaN,2.1841E-03,1.9790E-03,1.5060E-03,2.9406E-03,3.1081E-05,2.8643E-05,7.9919E-05,6.8414E-04,5.9854E-04
54607.0000,NaN,3.9741E-04,1.5802E-03,5.6878E-04,3.8335E-06,6.3781E-05,5.3493E-06,9.5688E-05,2.5308E-03,1.1354E-03
54608.0000,NaN,1.2491E-04,2.5794E-04,1.7125E-04,3.7518E-05,2.8431E-06,4.1141E-05,3.6600E-04,5.6602E-04,6.1153E-04
54609.0000,NaN,1.5701E-04,3.0971E-04,2.4317E-04,4.5536E-05,1.0294E-04,2.4595E-04,7.9172E-04,8.7607E-04,5.6591E-04
54610.0000,NaN,2.9013E-03,2.1012E-03,1.5500E-03,2.6353E-04,6.5829E-04,1.9236E-04,1.1004E-03,4.1875E-03,2.2723E-03
54611.0000,NaN,4.9703E-04,1.8023E-03,1.5342E-03,1.8836E-04,5.9015E-05,9.0363E-05,4.9547E-04,9.5046E-04,1.1720E-03
54612.0000,NaN,1.1347E-03,1.3646E-03,7.2697E-04,3.8301E-04,5.8997E-04,5.8271E-04,7.7509E-04,4.9925E-04,1.5279E-04
54613.0000,NaN,3.1292E-03,5.7352E-03,4.8659E-03,1.9564E-03,2.7884E-03,4.2847E-03,8.9396E-03,4.6411E-03,1.3019E-03
54614.0000,NaN,2.9112E-04,5.6536E-04,2.2174E-04,1.5848E-04,5.3621E-05,2.5481E-05,2.6005E-05,1.7743E-04,7.6997E-04
54615.0000,NaN,6.8824E-05,1.3686E-04,4.5776E-05,4.6268E-05,5.1488E-05,5.2623E-05,1.6931E-04,3.6512E-04,2.4561E-04
54616.0000,NaN,3.3862E-05,6.5665E-05,3.8961E-05,1.0314E-04,2.4303E-04,2.7139E-04,1.8073E-04,1.0337E-03,1.4532E-03
54617.0000,NaN,5.1754E-04,3.7744E-04,3.1290E-04,1.2740E-03,3.8118E-03,2.5022E-03,1.5694E-03,8.3166E-03,5.3884E-03
54618.0000,NaN,1.8907E-03,1.7103E-03,6.3551E-04,2.8899E-03,2.6573E-03,9.4958E-04,1.5049E-03,1.0025E-03,2.4731E-04
54619.0000,NaN,1.1224E-04,4.8303E-04,3.4290E-04,2.9715E-04,3.3614E-04,5.3647E-04,3.7375E-04,1.9426E-04,1.2970E-04
54620.0000,NaN,1.1689E-03,1.1571E-03,8.9009E-04,6.8128E-04,5.5348E-04,6.9322E-04,7.8820E-04,7.3548E-04,4.7569E-04
54621.0000,NaN,2.7790E-03,4.6244E-03,4.3124E-03,7.4634E-03,9.5100E-03,1.1267E-02,8.4302E-03,4.6080E-03,1.7488E-03
54622.0000,NaN,1.5670E-04,4.1271E-04,4.0868E-04,1.7438E-03,5.9337E-03,7.8871E-03,8.1450E-03,5.5830E-03,1.6754E-03
54623.0000,NaN,3.8528E-06,2.7700E-05,3.8264E-05,7.1979E-05,7.3016E-05,9.8276E-05,1.6229E-04,2.9886E-04,2.3243E-04
54624.0000,NaN,2.3637E-05,2.9313E-05,4.9126E-05,4.4766E-05,3.7638E-05,6.4206E-05,1.3341E-04,2.6039E-04,1.9125E-04
54625.0000,NaN,5.5286E-05,6.0434E-05,5.4596E-05,4.2271E-05,4.1808E-05,5.9266E-05,1.2797E-04,7.0975E-04,6.4368E-04
54626.0000,NaN,1.2387E-04,7.9982E-05,9.0597E-06,2.4152E-05,7.6331E-05,2.3411E-04,6.2953E-04,2.5775E-03,2.7916E-03
54627.0000,NaN,1.9046E-04,4.6764E-04,6.9940E-05,2.7692E-04,2.7739E-04,6.2361E-04,2.6450E-03,3.7125E-03,2.0871E-03
54628.0000,NaN,5.7547E-04,1.0246E-03,5.3961E-03,4.0132E-03,2.0266E-03,2.7156E-03,3.9191E-03,1.1782E-03,2.0126E-04
54629.0000,NaN,2.1026E-03,1.5637E-03,3.9207E-05,8.7476E-06,5.5607E-06,4.0196E-06,8.4814E-06,6.6904E-05,9.1273E-05
54630.0000,NaN,5.4677E-06,5.2714E-05,8.2934E-05,7.5472E-06,6.6316E-07,2.1823E-05,2.5319E-04,2.3005E-03,3.7579E-03
54631.0000,NaN,2.2407E-06,4.0500E-06,4.4626E-05,5.9105E-05,8.8517E-05,3.9880E-04,1.9787E-03,1.3202E-02,7.7402E-03
54632.0000,NaN,2.2812E-06,1.2986E-05,3.1428E-05,4.5310E-05,1.3721E-03,9.7230E-04,1.9127E-04,4.6290E-05,1.7870E-05
54633.0000,NaN,6.2600E-06,4.1975E-05,2.6260E-04,2.5296E-04,4.0770E-03,5.8885E-04,6.8517E-05,4.9943E-05,5.5341E-05
54634.0000,NaN,7.1187E-06,4.0231E-05,5.7764E-04,4.5562E-04,4.3866E-05,9.5448E-05,1.0386E-04,3.8928E-05,2.1695E-05
54635.0000,NaN,1.0143E-05,3.9685E-05,1.1544E-05,1.9256E-05,2.3843E-05,1.7192E-04,5.8139E-05,4.7451E-05,5.4289E-05
54636.0000,NaN,2.9045E-05,6.4547E-05,4.8067E-05,3.7799E-05,4.7037E-05,1.2147E-04,1.7793E-04,9.0688E-05,6.9863E-05
54637.0000,NaN,5.7364E-05,1.7837E-04,3.7696E-04,5.0220E-04,3.6593E-04,4.1081E-03,2.4566E-03,5.4009E-04,3.2826E-04
54638.0000,NaN,1.0789E-04,2.9379E-03,1.1979E-02,1.1296E-02,1.0148E-02,2.6872E-02,1.6383E-02,1.9862E-03,4.7446E-04
54639.0000,NaN,1.6607E-03,2.6327E-03,2.8686E-03,2.2504E-03,1.3456E-03,2.2402E-04,2.3553E-04,2.7589E-04,1.3114E-04
54640.0000,NaN,3.5529E-05,7.3101E-05,2.4827E-06,2.6874E-07,4.0819E-07,4.8034E-06,9.6577E-06,7.2280E-05,1.5709E-04
54641.0000,NaN,8.3599E-06,1.7682E-05,6.2212E-07,1.5097E-07,2.0814E-07,6.4355E-06,6.0441E-05,3.0003E-04,3.1413E-04
54642.0000,NaN,4.7230E-06,6.6691E-06,6.0018E-07,1.6044E-07,1.6482E-06,7.5300E-05,1.1325E-04,1.6431E-03,2.5641E-03
54643.0000,NaN,1.0832E-05,7.4059E-06,8.3326E-07,2.5671E-07,1.6408E-05,4.6217E-05,2.8037E-04,1.7145E-03,2.1276E-03
54644.0000,NaN,1.7092E-05,1.7723E-05,8.9387E-06,3.5890E-06,1.3517E-05,1.0576E-04,9.1670E-04,6.5330E-04,7.1682E-05
54645.0000,NaN,8.7828E-05,5.8563E-05,3.0770E-06,4.0438E-07,5.0780E-05,2.2551E-04,3.2344E-04,7.0468E-04,9.1297E-04
54646.0000,NaN,1.5692E-04,2.8473E-04,3.3503E-05,8.3708E-06,3.5500E-04,1.6417E-03,2.0890E-03,2.5618E-03,1.0376E-03
54647.0000,NaN,1.3783E-03,7.8747E-04,1.1439E-04,4.1888E-05,1.5518E-05,6.0293E-06,8.3714E-06,2.9761E-05,1.6905E-05
54648.0000,NaN,6.6638E-04,1.9348E-03,3.3283E-04,3.4893E-05,1.6332E-05,1.4361E-05,2.1874E-04,6.9488E-04,8.1261E-04
54649.0000,NaN,1.8025E-04,2.2315E-04,9.8775E-05,1.2387E-05,1.4900E-05,2.3892E-04,2.5601E-04,2.7477E-03,1.3732E-03
54650.0000,NaN,4.9373E-05,1.0558E-04,6.9791E-05,3.6924E-05,2.0057E-04,1.4448E-04,4.8986E-04,3.6367E-04,1.1001E-04
54651.0000,NaN,7.0161E-04,5.6126E-04,6.1765E-04,2.7579E-04,1.8997E-03,8.8056E-04,2.8934E-03,8.8421E-04,5.9163E-04
54652.0000,NaN,4.0840E-04,1.0558E-03,3.9460E-03,1.7687E-03,3.9568E-03,5.7901E-03,6.4857E-03,5.2991E-03,1.9966E-03
54653.0000,NaN,2.7076E-03,2.1816E-03,1.5008E-03,1.5769E-03,5.8502E-04,8.4834E-04,6.8749E-04,1.2876E-03,6.8977E-04
54654.0000,NaN,2.7617E-03,6.4787E-03,3.8067E-03,2.0444E-03,1.2266E-03,7.2396E-04,7.2066E-04,5.4915E-04,2.8828E-04
54655.0000,NaN,3.4795E-04,5.1805E-04,4.0087E-04,5.4256E-04,9.7750E-04,9.6572E-04,1.4029E-03,1.2031E-03,6.1404E-04
54656.0000,NaN,2.5210E-07,1.9470E-06,2.9705E-06,4.2262E-05,3.4053E-04,1.3075E-03,2.7655E-03,6.4379E-03,3.8920E-03
54657.0000,NaN,2.4381E-07,2.2022E-06,3.6048E-05,4.7610E-04,4.3576E-03,1.4101E-02,1.3783E-02,1.1569E-02,7.2293E-03
54658.0000,NaN,4.9101E-07,7.4843E-06,6.0812E-05,1.1855E-03,1.0497E-03,5.3502E-04,1.4184E-04,7.2458E-05,4.1717E-05
54659.0000,NaN,2.4366E-06,1.0476E-05,2.7973E-05,1.4367E-04,1.6404E-05,7.8537E-06,1.1484E-05,1.7204E-05,1.5046E-05
54660.0000,NaN,9.2344E-06,1.2162E-05,1.2764E-05,1.3501E-05,3.2930E-06,8.9185E-06,3.1613E-05,8.1863E-05,1.1113E-04
54661.0000,NaN,2.3449E-05,3.9557E-05,6.9301E-05,1.1642E-04,6.6844E-05,2.6414E-04,6.4094E-04,5.9298E-04,4.3484E-04
54662.0000,NaN,1.5795E-04,3.2766E-04,2.5696E-03,6.8754E-03,3.1891E-03,2.9430E-03,2.6399E-03,7.5994E-04,1.9359E-04
54663.0000,NaN,4.7550E-04,1.2805E-03,3.7517E-02,4.8513E-02,3.2021E-02,9.1661E-03,9.6555E-04,4.0139E-04,3.9986E-04
54664.0000,NaN,2.8698E-04,1.5363E-04,3.5199E-05,2.5812E-05,3.6372E-05,4.6345E-05,1.2704E-04,8.8010E-04,6.2078E-04
54665.0000,NaN,3.7289E-05,4.6406E-05,7.2535E-07,3.9462E-07,5.4523E-07,1.9056E-06,2.5244E-05,3.6489E-04,1.4992E-04
54666.0000,NaN,5.0353E-06,7.3117E-06,3.3469E-07,2.6939E-07,2.9695E-07,1.9509E-06,7.2831E-05,6.3584E-04,5.4867E-04
54667.0000,NaN,1.2917E-05,6.2961E-06,4.0632E-07,3.1195E-07,4.3441E-07,4.7210E-06,8.5423E-05,2.4735E-03,1.2761E-03
54668.0000,NaN,2.5700E-05,1.0210E-05,5.4429E-07,3.6502E-07,4.4273E-07,2.4994E-06,1.8347E-04,2.5246E-03,1.2823E-03
54669.0000,NaN,6.4001E-05,2.4453E-05,9.2325E-07,6.3482E-07,6.6985E-07,1.9653E-05,3.0790E-04,2.6129E-04,1.4262E-04
54670.0000,NaN,9.9149E-05,4.9961E-05,2.2376E-06,1.7365E-06,9.0912E-06,7.5235E-05,8.1980E-04,2.5887E-03,2.4588E-03
54671.0000,NaN,2.0051E-04,1.0658E-04,8.2869E-06,1.0897E-05,5.1513E-05,1.0085E-04,1.0452E-03,2.4972E-03,1.0377E-03
54672.0000,NaN,2.2597E-04,1.8148E-04,1.5798E-05,9.5713E-06,1.4863E-05,1.4422E-04,2.3478E-04,9.3431E-05,2.4828E-05
54673.0000,NaN,5.8000E-04,4.9514E-04,5.0933E-05,3.7824E-05,1.2123E-04,2.7537E-04,1.0643E-03,1.1823E-03,9.2698E-04
54674.0000,NaN,1.6620E-03,1.6993E-03,2.8404E-04,2.8355E-04,5.5972E-04,6.5166E-04,3.8471E-03,3.6638E-03,1.0133E-03
54675.0000,NaN,2.2293E-04,6.6623E-04,3.5301E-04,3.0202E-04,3.9468E-04,1.1647E-03,1.1770E-03,6.1917E-04,2.1462E-04
54676.0000,NaN,3.2732E-05,6.3912E-05,6.1067E-05,8.3045E-05,1.6034E-04,1.7591E-04,3.0067E-04,5.2768E-04,4.2403E-04
54677.0000,NaN,1.7038E-03,1.8807E-03,2.1306E-03,2.6521E-03,4.1613E-03,7.9134E-03,9.9832E-03,9.4279E-03,7.8431E-03
54678.0000,NaN,1.9794E-02,1.4449E-02,7.9134E-03,3.8470E-03,2.7020E-03,2.7942E-03,2.5398E-03,2.0728E-03,1.1138E-03
54679.0000,NaN,4.4547E-05,9.6531E-05,9.7409E-05,8.5002E-05,4.0103E-05,2.9427E-06,4.4866E-07,1.8066E-06,3.5938E-07
54680.0000,NaN,7.9991E-07,9.3250E-07,4.6079E-07,9.0400E-07,5.4910E-06,2.0172E-06,6.0217E-07,3.7959E-05,7.7127E-05
54681.0000,NaN,2.8272E-07,2.1226E-07,1.6257E-07,1.7832E-07,5.4752E-07,1.3130E-06,9.1525E-06,1.6744E-04,8.7040E-05
54682.0000,NaN,3.0686E-07,2.2664E-07,2.2506E-07,1.0974E-06,7.9324E-06,2.0034E-05,2.3989E-05,4.8128E-05,3.1292E-05
54683.0000,NaN,4.2560E-07,2.7551E-07,2.1126E-07,1.1117E-06,3.0529E-05,2.7720E-05,2.2873E-06,1.4195E-04,1.3689E-04
54684.0000,NaN,6.8138E-07,1.1671E-06,3.8340E-06,6.3933E-06,2.6186E-04,1.2875E-04,4.0008E-04,9.0923E-04,2.7540E-04
54685.0000,NaN,1.3134E-06,1.1202E-05,4.5837E-06,3.8610E-04,1.6701E-03,8.8743E-04,1.8077E-03,2.9725E-04,9.5557E-05
54686.0000,NaN,5.7488E-06,3.2392E-06,4.5267E-05,1.0835E-03,1.8094E-03,1.1087E-03,1.8563E-04,7.2533E-04,6.4172E-04
54687.0000,NaN,1.8871E-05,9.9182E-06,7.7284E-05,2.8597E-04,7.1383E-04,5.8390E-04,8.4062E-04,6.7374E-04,1.6050E-04
54688.0000,NaN,7.6268E-05,8.5730E-05,9.0429E-05,4.5238E-04,8.9762E-04,1.2220E-03,2.3713E-03,1.7227E-03,1.1835E-03
54689.0000,NaN,1.3997E-03,7.6354E-04,8.6719E-04,3.7506E-03,6.0661E-03,5.9848E-03,2.3284E-03,2.4633E-03,7.4254E-04
54690.0000,NaN,2.7468E-03,3.6434E-03,2.3420E-03,8.2484E-04,3.4243E-04,1.8805E-04,1.5167E-04,1.4823E-04,4.6126E-05
54691.0000,NaN,3.2467E-04,8.4305E-04,7.8213E-04,6.7264E-04,1.5871E-04,8.5749E-05,2.8809E-04,7.2698E-04,7.4016E-04
54692.0000,NaN,5.4323E-04,7.8792E-04,4.8719E-04,5.5886E-04,5.1650E-04,6.0911E-04,1.0851E-03,2.0458E-03,6.2699E-04
54693.0000,NaN,1.0167E-03,1.5339E-03,1.3767E-03,1.2721E-03,7.3094E-04,1.1270E-03,1.0616E-03,5.0189E-04,1.2529E-04
54694.0000,NaN,2.3952E-04,6.5195E-04,3.3069E-04,2.8536E-04,3.5084E-04,5.2435E-04,1.2157E-03,2.0174E-03,2.2091E-03
54695.0000,NaN,2.0339E-04,5.3289E-04,7.7096E-04,1.7911E-03,4.8194E-03,6.9033E-03,7.6096E-03,7.0934E-03,4.2454E-03
54696.0000,NaN,1.1923E-02,9.6419E-03,4.9722E-03,4.6557E-03,5.9478E-03,7.3335E-03,3.9844E-03,2.2396E-03,1.1948E-03
54697.0000,NaN,1.2190E-03,3.2838E-03,3.3535E-03,1.9317E-03,4.9633E-04,1.2473E-04,9.7587E-05,1.6334E-04,5.1701E-05
54698.0000,NaN,4.2292E-05,1.0694E-04,3.0917E-05,8.7576E-05,1.3785E-04,1.2037E-04,4.2281E-04,1.1290E-03,8.6506E-04
54699.0000,NaN,6.9600E-05,1.1331E-04,1.0061E-04,6.5026E-04,3.3121E-03,3.3847E-03,2.3670E-03,2.7291E-03,1.6356E-03
54700.0000,NaN,1.6788E-03,7.3081E-04,1.6639E-04,1.8597E-04,5.0696E-05,2.8863E-05,2.3087E-05,9.4605E-06,1.4326E-06
54701.0000,NaN,1.3965E-03,2.1727E-03,7.6967E-04,9.0685E-04,8.8707E-05,7.5698E-06,4.0220E-07,1.0521E-05,1.2370E-05
54702.0000,NaN,2.4120E-03,2.4652E-03,6.7075E-04,7.8504E-04,2.6777E-04,8.4085E-05,6.3911E-06,2.2957E-05,1.1272E-05
54703.0000,NaN,8.8799E-04,2.9092E-03,1.4852E-03,1.6971E-03,4.2659E-04,2.3755E-04,1.4318E-03,8.6753E-05,4.4642E-05
54704.0000,NaN,4.9414E-03,5.1006E-03,2.1902E-03,2.0998E-03,1.0458E-03,4.7611E-04,1.8827E-03,1.8672E-04,4.3693E-05
54705.0000,NaN,4.7113E-04,2.1588E-03,2.1888E-03,1.5726E-03,5.8607E-04,1.5969E-04,5.8746E-05,2.4458E-05,2.6120E-05
54706.0000,NaN,6.2342E-04,8.5210E-04,4.7191E-04,4.4119E-04,3.8988E-04,2.5653E-04,5.9210E-04,6.9315E-04,1.5814E-04
54707.0000,NaN,7.3170E-04,1.7249E-03,1.4138E-03,1.4707E-03,1.4496E-03,1.1013E-03,1.3784E-03,7.5507E-04,1.7304E-04
54708.0000,NaN,2.8262E-03,2.7350E-03,1.5109E-03,1.0566E-03,7.1790E-04,4.2399E-04,4.2335E-04,2.6837E-04,7.6599E-05
54709.0000,NaN,2.0259E-04,1.2115E-03,1.1001E-03,7.3510E-04,3.0495E-04,4.9318E-05,9.7369E-05,3.1485E-04,2.2535E-04
54710.0000,NaN,4.3874E-04,6.0207E-04,3.9526E-04,4.0594E-04,6.2457E-04,2.8622E-03,2.5079E-03,7.3575E-04,2.2438E-04
54711.0000,NaN,1.3878E-03,2.5491E-03,2.4861E-03,2.8136E-03,1.9642E-03,2.0779E-04,2.2912E-04,1.1954E-03,9.5275E-04
54712.0000,NaN,2.3715E-03,2.8323E-03,1.3686E-03,6.3074E-04,4.9791E-04,2.8977E-04,2.9655E-04,2.8239E-04,6.2601E-05
54713.0000,NaN,6.7364E-05,4.4804E-04,4.1434E-04,1.9874E-04,2.8346E-05,2.7834E-05,2.8959E-04,8.9223E-04,6.7160E-04
54714.0000,NaN,4.8288E-05,8.9173E-05,6.7920E-05,7.6293E-05,2.3082E-04,4.4188E-04,2.3545E-04,9.3590E-05,1.5416E-05
54715.0000,NaN,1.2416E-04,2.4154E-04,4.1464E-04,8.7440E-04,3.1009E-04,9.8719E-05,1.1140E-03,1.8609E-03,1.1715E-03
54716.0000,NaN,6.4073E-04,5.6099E-04,2.1415E-04,1.5543E-05,1.2838E-04,3.7865E-04,2.8353E-05,1.2432E-05,2.5021E-06
54717.0000,NaN,2.2811E-04,7.3488E-04,6.9540E-04,1.6483E-04,1.1051E-05,5.5123E-06,1.6062E-04,2.9193E-04,2.8335E-04
54718.0000,NaN,4.7472E-04,6.1306E-04,2.9528E-04,5.1927E-05,1.0433E-04,4.0711E-04,2.0108E-04,3.0459E-05,1.9666E-06
54719.0000,NaN,3.3878E-04,9.3598E-04,8.8386E-04,5.0262E-04,2.8298E-04,2.1239E-06,3.2373E-05,6.8744E-05,5.5806E-05
54720.0000,NaN,1.4936E-03,1.6467E-03,7.1094E-04,8.3949E-05,4.7966E-05,1.8846E-05,6.3046E-05,1.2535E-05,5.6638E-07
54721.0000,NaN,1.0569E-04,5.2974E-04,6.2526E-04,3.9954E-04,1.3312E-04,7.2133E-06,7.2931E-05,2.6636E-04,2.1738E-04
54722.0000,NaN,6.0728E-04,6.2493E-04,4.3139E-04,2.4786E-04,3.0180E-04,2.1244E-04,2.0981E-03,2.6151E-04,7.5181E-06
54723.0000,NaN,2.4167E-03,4.1658E-03,4.5448E-03,3.7687E-03,1.2924E-03,9.3045E-05,5.9716E-05,4.0224E-04,3.2206E-04
54724.0000,NaN,7.3121E-04,1.1026E-03,3.4937E-04,1.5439E-04,1.2635E-04,7.1984E-05,4.3122E-04,3.0437E-04,1.2985E-05
54725.0000,NaN,5.5673E-05,2.4317E-04,6.9123E-05,2.1353E-05,1.8110E-05,7.5860E-05,9.3225E-05,2.5475E-04,1.8358E-04
54726.0000,NaN,8.1262E-05,1.3840E-04,7.7162E-05,9.4894E-05,4.6779E-04,4.6562E-04,1.8253E-03,1.1382E-03,1.6786E-04
54727.0000,NaN,1.0388E-03,1.1507E-03,6.0196E-04,4.3325E-04,2.9115E-04,3.2057E-04,1.4686E-04,2.8137E-04,2.2550E-04
54728.0000,NaN,8.3474E-04,1.3400E-03,4.3192E-04,9.0888E-05,1.2577E-04,3.7325E-04,8.2979E-04,1.0068E-03,3.5750E-04
54729.0000,NaN,7.1886E-05,3.3290E-04,2.7713E-04,2.3779E-04,3.9013E-04,3.1930E-04,1.0339E-04,1.4350E-04,1.0924E-04
54730.0000,NaN,1.5267E-04,2.3011E-04,1.4114E-04,2.4729E-05,8.3801E-06,3.6650E-06,3.3618E-06,4.6195E-06,4.2235E-05
54731.0000,NaN,9.1631E-05,2.0150E-04,1.2580E-04,4.0578E-05,6.2784E-06,6.1026E-07,5.0605E-07,2.9458E-07,1.5001E-07
54732.0000,NaN,1.6361E-04,2.2153E-04,1.5739E-04,5.1417E-05,2.0497E-05,1.8246E-06,1.2875E-06,4.7068E-07,1.5000E-07
54733.0000,NaN,1.9150E-04,3.4298E-04,2.4358E-04,1.0413E-04,5.0034E-05,2.7014E-05,1.2142E-05,4.7315E-06,1.5000E-07
54734.0000,NaN,4.1674E-04,5.8222E-04,4.5769E-04,2.2745E-04,1.3247E-04,2.4147E-04,3.7968E-04,1.4247E-04,1.5000E-07
54735.0000,NaN,5.6970E-04,1.0913E-03,9.5969E-04,8.7669E-04,1.1809E-03,1.5714E-03,8.7696E-03,4.9042E-03,1.5000E-07
54736.0000,NaN,5.9937E-04,1.0861E-03,8.5199E-04,2.7929E-03,4.0148E-03,3.6011E-03,3.4836E-03,3.8245E-03,1.5061E-07
54737.0000,NaN,3.3073E-04,7.4035E-04,3.1134E-04,3.3200E-05,8.4043E-06,2.4157E-06,5.5696E-07,2.3654E-07,1.5149E-07
54738.0000,NaN,7.1386E-05,2.1815E-04,1.4579E-04,2.6103E-05,1.4202E-06,1.7367E-07,1.5023E-07,1.5059E-07,1.5042E-07
54739.0000,NaN,6.6521E-05,1.3524E-04,8.1857E-05,1.8304E-05,2.1901E-06,1.8520E-07,1.5082E-07,1.5115E-07,1.5005E-07
54740.0000,NaN,8.4296E-05,1.3924E-04,9.6040E-05,2.4223E-05,4.3552E-06,2.7730E-07,1.5327E-07,1.5158E-07,1.5001E-07
54741.0000,NaN,1.4794E-04,2.0990E-04,1.4413E-04,4.1236E-05,8.3917E-06,6.5220E-07,1.6120E-07,1.5205E-07,1.5000E-07
54742.0000,NaN,2.2222E-04,3.5488E-04,2.5642E-04,7.9501E-05,1.7517E-05,2.2554E-06,1.8930E-07,1.5288E-07,1.5000E-07
54743.0000,NaN,2.8717E-04,5.1334E-04,3.7720E-04,1.5375E-04,3.5957E-05,8.0472E-06,3.2391E-07,1.5523E-07,1.5000E-07
54744.0000,NaN,2.7975E-04,5.6561E-04,4.1598E-04,2.5564E-04,6.5839E-05,2.0701E-05,1.3592E-06,1.6521E-07,1.5000E-07
54745.0000,NaN,2.7440E-04,5.4134E-04,3.7240E-04,2.9858E-04,1.0538E-04,3.8301E-05,1.1696E-05,2.3683E-07,1.5000E-07
54746.0000,NaN,2.6660E-04,5.4286E-04,3.8416E-04,3.2094E-04,1.6704E-04,6.5265E-05,5.2156E-05,1.0979E-06,1.5000E-07
54747.0000,NaN,2.8855E-04,5.6732E-04,4.1204E-04,3.6856E-04,2.8605E-04,1.1918E-04,4.2398E-05,1.1507E-05,1.5000E-07
54748.0000,NaN,2.9107E-04,5.8805E-04,4.1653E-04,3.5891E-04,3.8110E-04,1.9358E-04,5.1335E-05,1.8511E-05,1.5000E-07
54749.0000,NaN,2.6152E-04,5.4027E-04,3.7205E-04,2.8089E-04,2.1710E-04,1.5380E-04,6.3758E-05,3.1671E-06,1.5000E-07
54750.0000,NaN,2.2089E-04,4.6930E-04,3.2277E-04,2.6117E-04,1.9771E-04,1.3671E-04,5.7253E-05,7.7391E-06,1.5000E-07
54751.0000,NaN,2.1260E-04,4.3986E-04,3.0838E-04,2.5336E-04,2.3804E-04,2.0456E-04,9.3084E-05,7.8927E-06,1.5000E-07
54752.0000,NaN,2.2205E-04,4.4985E-04,3.2006E-04,2.5840E-04,2.1707E-04,1.9961E-04,1.1646E-04,9.1754E-06,1.5000E-07
54753.0000,NaN,2.2660E-04,4.5896E-04,3.2316E-04,2.5493E-04,2.0041E-04,1.4813E-04,8.8833E-05,7.3083E-06,1.5000E-07
54754.0000,NaN,2.1516E-04,4.4557E-04,3.1447E-04,2.5233E-04,2.1849E-04,1.9340E-04,1.2657E-04,8.7841E-06,1.5000E-07
54755.0000,NaN,2.1248E-04,4.3467E-04,3.0607E-04,2.4680E-04,2.1004E-04,1.9685E-04,1.2986E-04,7.7714E-06,1.5000E-07
54756.0000,NaN,2.0283E-04,4.2051E-04,2.9502E-04,2.3375E-04,1.9093E-04,1.5776E-04,1.1486E-04,9.2877E-06,1.5000E-07
54757.0000,NaN,1.9823E-04,4.0656E-04,2.8451E-04,2.2486E-04,1.8347E-04,1.4612E-04,8.3743E-05,5.4838E-06,1.5000E-07
54758.0000,NaN,1.8884E-04,3.9208E-04,2.7521E-04,2.1765E-04,1.7700E-04,1.4325E-04,8.2674E-05,7.8107E-06,1.5000E-07
54759.0000,NaN,1.8880E-04,3.8496E-04,2.7048E-04,2.1571E-04,1.7848E-04,1.4584E-04,7.0119E-05,3.3099E-06,1.5000E-07
54760.0000,NaN,1.8163E-04,3.7576E-04,2.6192E-04,1.9841E-04,1.4086E-04,8.2942E-05,3.4043E-05,6.4406E-06,1.5000E-07
54761.0000,NaN,1.7509E-04,3.6017E-04,2.5138E-04,1.9934E-04,1.6735E-04,1.4214E-04,7.1057E-05,1.2318E-06,1.5000E-07
54762.0000,NaN,1.7134E-04,3.5346E-04,2.5018E-04,2.0004E-04,1.5987E-04,1.0838E-04,2.6514E-05,2.8309E-06,1.5000E-07
54763.0000,NaN,1.7075E-04,3.4786E-04,2.4186E-04,1.8816E-04,1.5450E-04,1.4278E-04,1.2748E-04,9.4011E-07,1.5000E-07
54764.0000,NaN,1.6531E-04,3.4162E-04,2.4190E-04,1.9314E-04,1.5188E-04,8.8487E-05,8.0906E-06,8.1645E-07,1.5000E-07
54765.0000,NaN,1.5875E-04,3.2607E-04,2.2334E-04,1.6771E-04,1.2879E-04,1.0090E-04,5.1735E-05,5.5822E-07,1.5000E-07
54766.0000,NaN,1.5247E-04,3.1644E-04,2.2575E-04,1.8738E-04,1.6665E-04,1.4347E-04,1.5065E-05,9.9044E-07,1.5000E-07
54767.0000,NaN,1.5703E-04,3.1676E-04,2.1978E-04,1.6681E-04,1.2265E-04,8.3012E-05,4.5071E-05,5.6365E-07,1.5000E-07
54768.0000,NaN,1.4913E-04,3.0966E-04,2.1833E-04,1.7535E-04,1.5027E-04,1.3019E-04,2.3509E-05,1.1559E-06,1.5000E-07
54769.0000,NaN,1.5224E-04,3.0734E-04,2.1406E-04,1.6292E-04,1.1134E-04,5.2633E-05,2.3997E-05,5.2510E-07,1.5000E-07
54770.0000,NaN,1.4013E-04,2.9332E-04,2.0344E-04,1.5850E-04,1.3365E-04,1.1855E-04,2.8994E-05,1.0040E-06,1.5000E-07
54771.0000,NaN,1.4521E-04,2.9222E-04,2.0574E-04,1.6072E-04,1.0625E-04,3.0833E-05,7.6279E-06,4.5747E-07,1.5000E-07
54772.0000,NaN,1.3119E-04,2.7568E-04,1.8633E-04,1.3354E-04,9.8647E-05,7.6277E-05,2.7391E-05,7.2472E-07,1.5000E-07
54773.0000,NaN,1.3561E-04,2.7339E-04,1.9568E-04,1.6350E-04,1.2841E-04,3.9023E-05,1.4842E-06,3.8247E-07,1.5000E-07
54774.0000,NaN,1.2990E-04,2.6858E-04,1.7993E-04,1.1687E-04,6.3937E-05,4.5262E-05,1.5088E-05,5.4075E-07,1.5000E-07
54775.0000,NaN,1.2558E-04,2.5739E-04,1.8214E-04,1.5299E-04,1.3835E-04,7.1242E-05,5.1620E-07,3.3414E-07,1.5000E-07
54776.0000,NaN,1.2961E-04,2.6293E-04,1.8191E-04,1.2298E-04,5.3009E-05,2.3516E-05,4.6628E-06,4.5983E-07,1.5000E-07
54777.0000,NaN,1.1857E-04,2.4609E-04,1.6745E-04,1.3087E-04,1.1306E-04,8.0731E-05,2.3501E-06,2.7295E-07,1.5000E-07
54778.0000,NaN,1.2563E-04,2.5318E-04,1.8297E-04,1.4583E-04,8.2788E-05,2.8073E-05,7.0127E-06,3.8242E-07,1.5000E-07
54779.0000,NaN,1.2341E-04,2.5155E-04,1.6964E-04,1.2548E-04,1.0991E-04,8.9035E-05,6.3241E-06,3.7840E-07,1.5000E-07
54780.0000,NaN,1.2484E-04,2.5368E-04,1.8217E-04,1.4648E-04,9.2624E-05,2.9962E-05,1.1060E-05,4.6431E-07,1.5000E-07
54781.0000,NaN,1.2178E-04,2.4836E-04,1.6605E-04,1.1547E-04,8.8620E-05,7.0590E-05,5.4156E-06,4.4432E-07,1.5000E-07
54782.0000,NaN,1.1670E-04,2.4029E-04,1.6812E-04,1.2911E-04,7.0796E-05,1.2379E-05,1.0460E-05,4.3933E-07,1.5000E-07
54783.0000,NaN,1.1147E-04,2.2876E-04,1.5150E-04,9.9569E-05,6.9001E-05,6.0509E-05,2.1559E-06,3.8936E-07,1.5000E-07
54784.0000,NaN,1.0898E-04,2.2394E-04,1.5838E-04,1.2777E-04,6.9586E-05,4.4792E-06,7.8779E-06,3.3408E-07,1.5000E-07
54785.0000,NaN,1.0668E-04,2.1749E-04,1.4300E-04,8.8225E-05,5.6136E-05,4.8711E-05,1.3147E-06,3.0888E-07,1.5000E-07
54786.0000,NaN,1.0538E-04,2.1604E-04,1.5552E-04,1.3519E-04,9.1849E-05,3.2861E-06,6.5124E-06,2.7888E-07,1.5000E-07
