"",-9.000,-8.000,-7.000,-6.000,-5.000,-4.000,-3.000,-2.000,-1.000,0.000
54421.0000,NaN,0.0000E+00,0.0000E+00,0.0000E+00,0.0000E+00,0.0000E+00,0.0000E+00,0.0000E+00,0.0000E+00,0.0000E+00
54422.0000,NaN,0.0000E+00,0.0000E+00,0.0000E+00,0.0000E+00,0.0000E+00,0.0000E+00,0.0000E+00,0.0000E+00,0.0000E+00
54423.0000,NaN,0.0000E+00,1.4068E-19,1.2709E-17,9.8524E-16,1.6110E-13,2.5338E-11,2.4912E-09,5.1872E-07,0.0000E+00
54424.0000,NaN,0.0000E+00,1.3309E-15,1.1713E-13,8.8815E-12,1.4064E-09,1.4383E-07,2.4576E-07,7.6524E-09,0.0000E+00
54425.0000,NaN,0.0000E+00,2.5507E-11,1.2977E-09,4.7402E-08,9.9484E-08,3.5849E-09,3.6083E-09,3.3949E-08,0.0000E+00
54426.0000,NaN,0.0000E+00,6.6461E-08,5.7463E-09,1.5243E-09,1.4003E-09,1.1443E-08,2.0353E-09,1.2282E-08,0.0000E+00
54427.0000,NaN,0.0000E+00,5.0598E-09,6.4168E-08,2.3272E-10,5.0718E-10,5.4669E-09,3.3995E-09,7.5393E-09,0.0000E+00
54428.0000,NaN,0.0000E+00,1.9182E-09,1.5742E-08,5.6656E-10,8.6550E-10,3.9213E-09,4.1263E-09,5.1039E-09,0.0000E+00
54429.0000,NaN,0.0000E+00,3.7608E-09,7.4758E-09,8.9462E-10,1.1521E-09,3.3770E-09,4.2699E-09,3.6870E-09,0.0000E+00
54430.0000,NaN,0.0000E+00,5.0933E-09,4.7097E-09,1.1409E-09,1.3771E-09,3.1421E-09,4.1100E-09,2.7913E-09,0.0000E+00
54431.0000,NaN,0.0000E+00,5.7535E-09,3.4491E-09,1.3074E-09,1.5688E-09,3.0230E-09,3.8251E-09,2.1904E-09,0.0000E+00
54432.0000,NaN,0.0000E+00,6.2368E-09,2.7741E-09,1.4189E-09,1.7456E-09,2.9574E-09,3.5091E-09,1.7694E-09,0.0000E+00
54433.0000,NaN,0.0000E+00,6.5555E-09,2.3805E-09,1.4993E-09,1.9183E-09,2.9212E-09,3.2052E-09,1.4646E-09,0.0000E+00
54434.0000,NaN,0.0000E+00,6.8912E-09,2.1440E-09,1.5667E-09,2.0880E-09,2.8967E-09,2.9294E-09,1.2376E-09,0.0000E+00
54435.0000,NaN,0.0000E+00,7.2288E-09,2.0065E-09,1.6340E-09,2.2488E-09,2.8636E-09,2.6852E-09,1.0645E-09,0.0000E+00
54436.0000,NaN,0.0000E+00,7.6403E-09,1.9401E-09,1.7122E-09,2.3992E-09,2.8060E-09,2.4722E-09,9.3062E-10,0.0000E+00
54437.0000,NaN,0.0000E+00,8.1540E-09,1.9337E-09,1.8167E-09,2.5526E-09,2.7200E-09,2.2920E-09,8.2758E-10,0.0000E+00
54438.0000,NaN,0.0000E+00,8.8574E-09,1.9885E-09,1.9743E-09,2.7306E-09,2.6109E-09,2.1475E-09,7.5159E-10,0.0000E+00
54439.0000,NaN,0.0000E+00,9.8856E-09,2.1170E-09,2.2380E-09,2.9552E-09,2.4885E-09,2.0432E-09,7.0277E-10,0.0000E+00
54440.0000,NaN,0.0000E+00,1.1511E-08,2.3482E-09,2.7107E-09,3.2480E-09,2.3599E-09,1.9761E-09,6.8394E-10,0.0000E+00
54441.0000,NaN,0.0000E+00,1.4360E-08,2.7462E-09,3.5505E-09,3.6322E-09,2.2227E-09,1.9225E-09,6.9907E-10,0.0000E+00
54442.0000,NaN,0.0000E+00,2.0129E-08,3.3645E-09,4.6982E-09,4.0638E-09,2.0792E-09,1.8320E-09,7.4325E-10,0.0000E+00
54443.0000,NaN,0.0000E+00,3.3135E-08,3.7495E-09,5.0451E-09,4.1103E-09,1.9211E-09,1.6983E-09,8.0439E-10,0.0000E+00
54444.0000,NaN,0.0000E+00,6.3040E-08,3.2710E-09,3.7592E-09,3.1281E-09,1.5952E-09,1.4992E-09,8.5854E-10,0.0000E+00
54445.0000,NaN,0.0000E+00,1.4248E-07,3.7794E-09,2.6866E-09,1.9753E-09,1.1150E-09,1.1641E-09,8.5441E-10,0.0000E+00
54446.0000,NaN,0.0000E+00,3.8815E-07,1.0307E-08,4.6131E-09,2.0565E-09,9.0692E-10,8.5368E-10,7.6380E-10,0.0000E+00
54447.0000,NaN,0.0000E+00,7.4049E-07,2.2444E-08,1.4034E-08,6.9389E-09,2.0672E-09,1.0963E-09,7.3318E-10,0.0000E+00
54448.0000,NaN,0.0000E+00,1.1679E-06,4.9324E-08,1.8740E-08,1.2134E-08,6.5906E-09,4.7886E-09,1.6572E-09,0.0000E+00
54449.0000,NaN,0.0000E+00,9.1544E-07,6.8920E-08,1.7820E-08,9.8536E-09,5.3396E-09,5.4543E-09,7.3668E-09,0.0000E+00
54450.0000,NaN,0.0000E+00,9.6188E-07,9.1293E-08,2.0949E-08,6.4728E-09,3.5406E-09,2.8820E-09,1.0076E-08,0.0000E+00
54451.0000,NaN,0.0000E+00,6.8821E-07,7.8768E-08,2.1666E-08,7.5957E-09,2.8018E-09,1.4577E-09,8.6953E-09,0.0000E+00
54452.0000,NaN,0.0000E+00,6.4636E-07,5.7202E-08,1.3458E-08,5.0812E-09,2.4930E-09,1.6975E-09,6.2693E-09,0.0000E+00
54453.0000,NaN,0.0000E+00,5.0227E-07,5.1964E-08,1.2926E-08,4.6262E-09,1.9366E-09,9.6614E-10,4.5959E-09,0.0000E+00
54454.0000,NaN,0.0000E+00,4.8427E-07,4.2133E-08,1.0058E-08,3.7607E-09,2.0272E-09,1.9480E-09,3.8425E-09,0.0000E+00
54455.0000,NaN,0.0000E+00,4.0310E-07,4.0733E-08,9.9853E-09,3.6200E-09,1.5249E-09,6.4854E-10,3.5485E-09,0.0000E+00
54456.0000,NaN,0.0000E+00,3.8957E-07,3.2933E-08,7.4380E-09,2.5595E-09,1.4206E-09,2.7095E-09,2.0298E-09,0.0000E+00
54457.0000,NaN,0.0000E+00,3.1335E-07,3.2786E-08,8.3718E-09,3.2239E-09,1.4069E-09,6.3089E-10,2.6481E-09,0.0000E+00
54458.0000,NaN,0.0000E+00,3.0746E-07,2.6149E-08,5.6850E-09,1.7574E-09,8.8063E-10,2.3358E-09,1.5188E-09,0.0000E+00
54459.0000,NaN,0.0000E+00,2.4000E-07,2.5045E-08,6.5994E-09,2.8621E-09,1.3638E-09,6.3589E-10,1.9425E-09,0.0000E+00
54460.0000,NaN,0.0000E+00,2.4563E-07,2.0903E-08,4.6119E-09,1.4156E-09,5.8801E-10,1.7065E-09,1.2810E-09,0.0000E+00
54461.0000,NaN,0.0000E+00,1.9174E-07,1.9616E-08,5.0208E-09,2.2262E-09,1.1811E-09,5.1463E-10,1.4967E-09,0.0000E+00
54462.0000,NaN,0.0000E+00,1.9648E-07,1.6589E-08,3.6944E-09,1.1367E-09,3.9860E-10,1.2253E-09,1.0135E-09,0.0000E+00
54463.0000,NaN,0.0000E+00,1.5313E-07,1.5636E-08,3.8551E-09,1.6076E-09,9.2055E-10,7.6019E-10,1.6030E-09,0.0000E+00
54464.0000,NaN,0.0000E+00,1.6559E-07,1.4277E-08,3.3868E-09,1.1660E-09,4.6858E-10,6.3633E-10,1.9842E-09,0.0000E+00
54465.0000,NaN,0.0000E+00,1.3784E-07,1.3829E-08,3.2005E-09,1.1301E-09,5.2206E-10,4.2638E-10,1.9605E-09,0.0000E+00
54466.0000,NaN,0.0000E+00,1.4407E-07,1.2316E-08,2.9823E-09,1.0880E-09,4.9591E-10,4.8796E-10,1.6282E-09,0.0000E+00
54467.0000,NaN,0.0000E+00,1.2008E-07,1.2272E-08,2.9095E-09,1.0698E-09,5.6875E-10,4.4035E-10,1.3009E-09,0.0000E+00
54468.0000,NaN,0.0000E+00,1.2066E-07,1.0403E-08,2.5514E-09,9.8518E-10,5.0374E-10,5.4019E-10,1.0245E-09,0.0000E+00
54469.0000,NaN,0.0000E+00,1.0228E-07,1.0434E-08,2.4892E-09,9.5405E-10,5.9879E-10,4.0534E-10,8.7093E-10,0.0000E+00
54470.0000,NaN,0.0000E+00,1.0000E-07,8.7838E-09,2.1927E-09,8.6357E-10,4.3667E-10,6.1501E-10,7.3550E-10,0.0000E+00
54471.0000,NaN,0.0000E+00,8.8079E-08,8.8072E-09,2.0583E-09,7.9504E-10,6.2459E-10,3.0661E-10,7.0211E-10,0.0000E+00
54472.0000,NaN,0.0000E+00,8.4207E-08,7.5475E-09,1.9236E-09,7.5312E-10,3.1546E-10,7.8027E-10,5.3517E-10,0.0000E+00
54473.0000,NaN,0.0000E+00,7.2293E-08,6.9860E-09,1.5071E-09,5.3300E-10,6.4241E-10,1.2194E-10,4.7506E-10,0.0000E+00
54474.0000,NaN,0.0000E+00,6.7329E-08,6.3042E-09,1.7280E-09,7.4929E-10,3.5970E-10,9.4978E-10,3.4313E-10,0.0000E+00
54475.0000,NaN,0.0000E+00,6.1885E-08,5.8168E-09,1.1510E-09,3.3042E-10,5.7467E-10,1.0460E-10,4.1239E-10,0.0000E+00
54476.0000,NaN,0.0000E+00,5.5069E-08,5.2101E-09,1.4872E-09,7.3684E-10,3.8345E-10,8.7057E-10,2.8969E-10,0.0000E+00
54477.0000,NaN,0.0000E+00,5.5001E-08,5.2760E-09,1.1416E-09,3.5798E-10,4.2033E-10,3.2854E-10,4.0344E-10,0.0000E+00
54478.0000,NaN,0.0000E+00,4.9814E-08,4.6655E-09,1.2204E-09,5.6557E-10,2.6969E-10,8.7069E-10,3.2012E-10,0.0000E+00
54479.0000,NaN,0.0000E+00,4.6868E-08,4.4981E-09,9.9603E-10,3.1003E-10,3.0748E-10,3.2847E-10,3.4033E-10,0.0000E+00
54480.0000,NaN,0.0000E+00,4.2518E-08,4.0668E-09,1.0679E-09,5.3764E-10,3.1910E-10,8.4152E-10,2.9723E-10,0.0000E+00
54481.0000,NaN,0.0000E+00,4.0612E-08,3.8947E-09,8.4292E-10,2.3955E-10,1.8650E-10,2.7820E-10,3.1103E-10,0.0000E+00
54482.0000,NaN,0.0000E+00,3.5882E-08,3.3652E-09,8.5062E-10,4.5143E-10,2.9482E-10,6.7189E-10,2.6959E-10,0.0000E+00
54483.0000,NaN,0.0000E+00,3.6351E-08,3.6168E-09,8.8742E-10,3.2900E-10,2.1929E-10,6.0694E-10,3.2972E-10,0.0000E+00
54484.0000,NaN,0.0000E+00,3.5616E-08,3.3387E-09,7.9258E-10,3.4960E-10,2.9711E-10,7.8180E-10,4.1935E-10,0.0000E+00
54485.0000,NaN,0.0000E+00,3.5601E-08,3.5076E-09,8.7536E-10,3.1421E-10,2.0571E-10,4.1128E-10,4.8261E-10,0.0000E+00
54486.0000,NaN,0.0000E+00,3.4059E-08,3.2194E-09,7.8114E-10,3.4233E-10,2.6377E-10,4.9676E-10,4.2846E-10,0.0000E+00
54487.0000,NaN,0.0000E+00,3.3163E-08,3.2859E-09,8.1218E-10,2.9093E-10,1.7995E-10,2.6817E-10,3.9486E-10,0.0000E+00
54488.0000,NaN,0.0000E+00,3.1792E-08,3.0373E-09,7.1888E-10,2.8624E-10,2.0112E-10,4.2674E-10,3.5533E-10,0.0000E+00
54489.0000,NaN,0.0000E+00,3.0742E-08,2.9990E-09,7.2377E-10,2.4946E-10,1.4505E-10,1.9387E-10,3.4814E-10,0.0000E+00
54490.0000,NaN,0.0000E+00,2.9735E-08,2.8308E-09,6.7049E-10,2.4390E-10,1.3127E-10,3.5482E-10,3.0997E-10,0.0000E+00
54491.0000,NaN,0.0000E+00,2.8737E-08,2.7754E-09,6.5325E-10,2.2291E-10,1.2388E-10,1.4441E-10,3.1050E-10,0.0000E+00
54492.0000,NaN,0.0000E+00,2.7703E-08,2.6437E-09,6.2087E-10,2.0670E-10,8.5196E-11,2.6669E-10,2.5925E-10,0.0000E+00
54493.0000,NaN,0.0000E+00,2.6192E-08,2.5132E-09,5.8575E-10,2.0447E-10,1.1663E-10,1.0830E-10,2.4992E-10,0.0000E+00
54494.0000,NaN,0.0000E+00,2.5312E-08,2.4285E-09,5.6154E-10,1.7365E-10,6.2963E-11,1.6568E-10,1.9941E-10,0.0000E+00
54495.0000,NaN,0.0000E+00,2.4626E-08,2.3788E-09,5.5844E-10,1.7507E-10,4.1489E-11,1.0699E-10,2.4195E-10,0.0000E+00
54496.0000,NaN,0.0000E+00,2.3681E-08,2.2105E-09,4.7802E-10,1.4072E-10,4.4578E-11,3.1079E-11,1.9125E-10,0.0000E+00
54497.0000,NaN,0.0000E+00,2.2072E-08,2.1159E-09,4.8516E-10,1.5365E-10,7.9776E-11,6.6751E-11,1.8320E-10,0.0000E+00
54498.0000,NaN,0.0000E+00,2.0969E-08,1.9981E-09,4.6287E-10,1.4465E-10,4.6945E-11,3.7037E-11,1.4018E-10,0.0000E+00
54499.0000,NaN,0.0000E+00,1.9791E-08,1.8962E-09,4.2513E-10,1.2899E-10,3.6571E-11,7.9812E-11,1.3448E-10,0.0000E+00
54500.0000,NaN,0.0000E+00,1.8757E-08,1.7747E-09,4.0964E-10,1.3474E-10,5.1896E-11,3.8294E-11,1.3724E-10,0.0000E+00
54501.0000,NaN,0.0000E+00,1.7998E-08,1.7242E-09,3.8782E-10,1.1421E-10,4.2351E-11,9.9479E-11,1.4344E-10,0.0000E+00
54502.0000,NaN,0.0000E+00,1.9048E-08,1.7798E-09,2.7966E-10,3.2672E-11,1.0983E-11,1.1652E-11,2.2630E-10,0.0000E+00
54503.0000,NaN,0.0000E+00,1.8586E-08,1.7753E-09,3.2416E-10,2.8747E-11,7.3526E-12,2.7510E-12,2.5221E-10,0.0000E+00
54504.0000,NaN,0.0000E+00,1.4515E-08,1.2090E-09,3.1106E-10,1.3786E-10,1.1145E-11,7.5141E-12,1.1072E-10,0.0000E+00
54505.0000,NaN,0.0000E+00,1.1496E-08,1.0978E-09,2.3864E-10,1.9949E-10,1.5066E-11,8.1242E-12,5.2369E-11,0.0000E+00
54506.0000,NaN,0.0000E+00,9.8419E-09,9.4454E-10,2.1830E-10,2.4012E-10,5.9650E-11,1.3590E-11,3.1821E-11,0.0000E+00
54507.0000,NaN,0.0000E+00,9.4262E-09,9.1091E-10,2.2466E-10,2.3216E-10,1.9564E-10,2.9667E-11,2.2699E-11,0.0000E+00
54508.0000,NaN,0.0000E+00,1.0685E-08,1.0690E-09,2.8740E-10,3.1331E-10,1.7188E-10,1.4026E-10,3.6264E-11,0.0000E+00
54509.0000,NaN,0.0000E+00,1.2968E-08,1.2151E-09,2.4502E-10,1.1005E-10,5.0428E-11,3.9803E-11,1.2922E-10,0.0000E+00
54510.0000,NaN,0.0000E+00,1.4304E-08,1.2192E-09,9.4637E-11,2.5267E-11,1.1033E-11,4.4146E-12,2.0767E-10,0.0000E+00
54511.0000,NaN,0.0000E+00,1.3084E-08,1.3933E-09,3.8674E-10,6.8986E-11,2.2140E-11,5.9765E-12,1.8971E-10,0.0000E+00
54512.0000,NaN,0.0000E+00,1.0534E-08,9.7373E-10,2.7552E-10,9.5079E-11,7.9529E-12,3.1149E-12,6.7325E-11,0.0000E+00
54513.0000,NaN,0.0000E+00,8.6741E-09,8.5752E-10,2.3240E-10,1.1741E-10,2.2667E-11,5.6294E-12,3.6057E-11,0.0000E+00
54514.0000,NaN,0.0000E+00,8.1436E-09,7.9290E-10,2.1217E-10,1.2732E-10,8.8689E-11,1.4458E-11,2.2401E-11,0.0000E+00
54515.0000,NaN,0.0000E+00,8.9249E-09,8.9865E-10,2.4578E-10,1.3684E-10,6.5026E-11,1.1503E-10,2.3876E-11,0.0000E+00
54516.0000,NaN,0.0000E+00,1.0207E-08,9.4886E-10,1.9449E-10,3.6752E-11,1.5750E-11,3.4966E-11,6.1520E-11,0.0000E+00
54517.0000,NaN,0.0000E+00,1.1545E-08,8.0019E-10,3.5539E-11,7.4371E-12,2.7754E-12,1.7806E-12,1.4381E-10,0.0000E+00
54518.0000,NaN,0.0000E+00,1.2268E-08,8.2585E-10,4.4512E-11,1.3187E-11,4.5739E-12,1.4668E-12,1.7799E-10,0.0000E+00
54519.0000,NaN,0.0000E+00,6.2398E-09,9.2281E-10,1.7812E-10,2.8524E-12,7.8620E-14,5.8633E-13,5.4240E-11,0.0000E+00
54520.0000,NaN,0.0000E+00,4.2270E-09,4.8243E-10,2.6381E-10,6.2417E-12,2.3228E-13,1.4075E-12,2.6031E-11,0.0000E+00
54521.0000,NaN,0.0000E+00,3.2596E-09,3.9229E-10,3.9156E-10,1.5274E-11,6.7873E-13,2.4527E-12,1.5023E-11,0.0000E+00
54522.0000,NaN,0.0000E+00,2.9027E-09,3.4253E-10,4.3603E-10,3.3460E-11,1.6277E-12,3.2219E-12,9.5061E-12,0.0000E+00
54523.0000,NaN,0.0000E+00,2.9512E-09,3.2427E-10,4.5394E-10,7.1654E-11,3.6906E-12,3.8427E-12,6.4248E-12,0.0000E+00
54524.0000,NaN,0.0000E+00,3.0270E-09,3.0832E-10,4.7230E-10,1.6156E-10,1.0999E-11,5.5683E-12,4.8054E-12,0.0000E+00
54525.0000,NaN,0.0000E+00,3.5212E-09,3.4701E-10,5.2661E-10,4.4739E-10,3.6873E-11,1.7792E-11,5.6769E-12,0.0000E+00
54526.0000,NaN,0.0000E+00,5.5906E-09,6.1579E-10,6.9145E-10,3.5998E-10,9.0559E-12,7.5681E-12,1.4941E-11,0.0000E+00
54527.0000,NaN,0.0000E+00,7.5905E-09,2.8644E-10,8.6304E-11,1.9882E-11,9.9318E-13,2.8933E-13,5.1289E-11,0.0000E+00
54528.0000,NaN,0.0000E+00,8.5050E-09,1.7702E-10,3.4781E-11,3.2567E-11,3.2681E-11,4.8121E-12,3.9060E-11,0.0000E+00
54529.0000,NaN,0.0000E+00,4.2823E-09,1.1510E-09,3.1917E-11,1.1798E-12,1.9796E-12,6.4616E-12,2.5114E-11,0.0000E+00
54530.0000,NaN,0.0000E+00,2.0380E-09,6.5197E-10,4.9455E-11,2.3197E-12,2.3552E-12,9.5015E-12,1.6872E-11,0.0000E+00
54531.0000,NaN,0.0000E+00,1.6239E-09,4.5304E-10,8.6940E-11,4.5713E-12,3.0404E-12,9.9159E-12,1.1821E-11,0.0000E+00
54532.0000,NaN,0.0000E+00,1.4514E-09,4.3666E-10,1.3297E-10,8.3984E-12,3.8773E-12,9.3503E-12,8.5747E-12,0.0000E+00
54533.0000,NaN,0.0000E+00,1.6087E-09,4.4727E-10,1.9790E-10,1.5494E-11,4.9050E-12,8.5498E-12,6.4048E-12,0.0000E+00
54534.0000,NaN,0.0000E+00,1.7002E-09,4.6346E-10,2.9827E-10,3.2233E-11,6.4480E-12,7.7884E-12,4.9113E-12,0.0000E+00
54535.0000,NaN,0.0000E+00,1.9352E-09,4.2510E-10,3.8885E-10,7.8263E-11,9.8498E-12,7.2320E-12,3.8656E-12,0.0000E+00
54536.0000,NaN,0.0000E+00,2.3262E-09,3.7454E-10,3.9108E-10,1.5717E-10,2.0315E-11,7.1689E-12,3.1538E-12,0.0000E+00
54537.0000,NaN,0.0000E+00,2.7076E-09,3.4685E-10,3.1225E-10,1.7795E-10,4.7963E-11,8.1244E-12,2.3757E-12,0.0000E+00
54538.0000,NaN,0.0000E+00,2.9793E-09,3.3611E-10,2.3377E-10,1.5225E-10,8.5819E-11,1.0281E-11,1.6508E-12,0.0000E+00
54539.0000,NaN,0.0000E+00,2.9478E-09,3.2810E-10,1.8007E-10,1.2244E-10,9.9561E-11,1.3122E-11,1.4925E-12,0.0000E+00
54540.0000,NaN,0.0000E+00,2.9288E-09,3.0927E-10,1.5395E-10,1.1685E-10,1.0933E-10,1.6251E-11,1.5316E-12,0.0000E+00
54541.0000,NaN,0.0000E+00,2.7157E-09,2.9325E-10,1.3349E-10,9.9784E-11,9.8960E-11,1.8650E-11,1.6884E-12,0.0000E+00
54542.0000,NaN,0.0000E+00,2.5249E-09,2.7422E-10,1.3084E-10,1.0282E-10,9.2360E-11,2.0248E-11,2.1337E-12,0.0000E+00
54543.0000,NaN,0.0000E+00,2.3538E-09,2.5892E-10,1.2361E-10,1.0060E-10,8.5812E-11,2.1693E-11,2.2145E-12,0.0000E+00
54544.0000,NaN,0.0000E+00,2.1480E-09,2.3895E-10,1.2767E-10,1.0394E-10,8.1082E-11,2.2545E-11,2.1263E-12,0.0000E+00
54545.0000,NaN,0.0000E+00,1.9854E-09,2.3217E-10,1.1566E-10,1.0034E-10,7.4659E-11,2.3120E-11,2.5408E-12,0.0000E+00
54546.0000,NaN,0.0000E+00,1.8201E-09,2.0861E-10,1.3818E-10,1.0823E-10,7.2843E-11,2.4682E-11,2.2901E-12,0.0000E+00
54547.0000,NaN,0.0000E+00,1.6788E-09,2.0961E-10,9.8727E-11,1.0135E-10,6.7667E-11,2.3467E-11,1.6144E-12,0.0000E+00
54548.0000,NaN,0.0000E+00,1.5174E-09,1.7071E-10,1.4877E-10,1.0808E-10,6.4885E-11,2.1670E-11,1.9739E-12,0.0000E+00
54549.0000,NaN,0.0000E+00,1.4581E-09,2.0850E-10,8.7772E-11,1.1634E-10,3.3694E-11,1.9505E-09,4.6779E-07,0.0000E+00
54550.0000,NaN,0.0000E+00,1.2094E-09,1.1722E-10,1.1749E-10,8.0452E-11,2.8698E-10,1.9320E-08,1.1401E-06,0.0000E+00
54551.0000,NaN,0.0000E+00,1.1131E-09,2.0571E-10,1.4208E-10,1.7948E-10,1.8349E-09,5.4413E-08,6.5313E-07,0.0000E+00
54552.0000,NaN,0.0000E+00,1.2892E-09,1.3778E-10,2.8512E-10,3.2826E-10,4.0782E-09,5.5236E-08,2.5395E-08,0.0000E+00
54553.0000,NaN,0.0000E+00,7.3761E-10,2.1834E-10,5.8512E-11,5.5277E-10,6.4900E-09,5.1253E-08,3.0664E-07,0.0000E+00
54554.0000,NaN,0.0000E+00,9.4689E-10,1.8087E-10,2.7163E-10,1.3824E-09,1.0536E-08,8.5748E-08,5.0553E-07,0.0000E+00
54555.0000,NaN,0.0000E+00,6.7624E-10,2.3019E-10,1.0688E-09,3.3531E-09,1.5519E-08,8.8932E-08,1.2970E-07,0.0000E+00
54556.0000,NaN,0.0000E+00,1.2976E-09,4.8469E-10,3.0090E-09,3.4579E-09,1.5392E-08,4.2623E-08,2.2170E-07,0.0000E+00
54557.0000,NaN,0.0000E+00,1.7454E-09,1.0477E-09,5.1207E-09,5.7311E-09,1.5618E-08,2.9617E-08,2.0217E-07,0.0000E+00
54558.0000,NaN,0.0000E+00,5.1921E-09,2.8289E-09,5.3628E-09,2.1995E-09,1.3006E-08,5.0060E-08,2.4210E-07,0.0000E+00
54559.0000,NaN,0.0000E+00,3.8759E-09,2.2690E-09,2.3392E-09,6.2082E-09,1.4801E-08,5.2714E-08,1.3263E-07,0.0000E+00
54560.0000,NaN,0.0000E+00,6.4276E-09,3.3710E-09,3.9442E-09,2.8236E-09,1.0678E-08,2.5328E-08,3.5524E-08,0.0000E+00
54561.0000,NaN,0.0000E+00,5.6990E-09,2.1403E-09,1.1103E-09,5.1650E-09,1.2553E-08,2.2227E-08,1.6044E-07,0.0000E+00
54562.0000,NaN,0.0000E+00,6.5911E-09,5.3704E-09,3.3426E-09,2.3720E-09,1.3158E-08,9.0223E-08,1.1643E-07,0.0000E+00
54563.0000,NaN,0.0000E+00,9.1545E-09,3.3354E-09,3.8384E-09,5.2695E-09,1.5828E-08,6.1913E-08,3.8208E-07,0.0000E+00
54564.0000,NaN,0.0000E+00,8.0168E-09,1.3725E-08,4.6964E-09,3.5829E-09,8.8764E-09,3.5515E-08,8.4320E-08,0.0000E+00
54565.0000,NaN,0.0000E+00,1.5186E-08,5.8137E-09,5.6062E-09,4.8622E-09,6.3244E-09,9.8074E-10,3.2037E-07,0.0000E+00
54566.0000,NaN,0.0000E+00,1.3926E-08,2.3709E-08,5.8747E-09,5.3162E-09,9.9151E-09,9.8632E-08,7.3027E-08,0.0000E+00
54567.0000,NaN,0.0000E+00,2.0132E-08,8.0874E-09,5.2460E-09,8.9280E-09,1.5027E-08,8.1933E-08,1.5078E-08,0.0000E+00
54568.0000,NaN,0.0000E+00,2.3741E-08,3.0142E-08,6.2047E-09,7.8968E-09,1.2937E-08,4.7408E-09,1.1317E-07,0.0000E+00
54569.0000,NaN,0.0000E+00,1.6675E-08,8.9446E-09,2.3539E-09,1.0043E-08,1.5455E-08,1.9661E-07,1.3369E-07,0.0000E+00
54570.0000,NaN,0.0000E+00,1.6708E-08,2.8452E-08,7.4926E-09,1.2319E-08,3.3079E-08,5.1060E-07,1.7656E-08,0.0000E+00
54571.0000,NaN,0.0000E+00,2.8769E-08,1.4307E-08,2.1680E-09,2.0265E-08,3.3009E-08,8.4704E-08,1.9230E-08,0.0000E+00
54572.0000,NaN,0.0000E+00,1.5334E-08,4.6174E-08,1.8229E-08,1.6603E-08,1.8252E-08,9.4752E-08,5.0889E-07,0.0000E+00
54573.0000,NaN,0.0000E+00,3.7769E-08,2.5961E-08,1.1786E-09,2.1813E-08,4.9359E-08,1.2157E-06,1.0769E-07,0.0000E+00
54574.0000,NaN,0.0000E+00,3.0097E-08,4.6075E-08,2.8393E-08,3.1063E-08,1.0584E-07,1.2286E-06,8.6816E-08,0.0000E+00
54575.0000,NaN,0.0000E+00,4.4810E-08,2.8243E-08,2.3549E-08,8.6420E-08,1.2476E-07,1.7194E-07,5.1049E-08,0.0000E+00
54576.0000,NaN,0.0000E+00,7.2154E-08,9.9904E-08,1.3148E-07,5.5907E-08,2.2873E-08,1.1489E-07,1.7663E-07,0.0000E+00
54577.0000,NaN,0.0000E+00,9.5257E-08,5.6780E-08,2.0239E-08,7.8890E-08,8.9419E-08,1.0675E-06,7.6866E-08,0.0000E+00
54578.0000,NaN,0.0000E+00,1.3748E-07,1.3085E-07,2.0889E-07,4.9843E-08,2.0550E-07,2.6195E-07,5.2253E-08,0.0000E+00
54579.0000,NaN,0.0000E+00,9.8533E-08,3.6765E-08,1.9952E-08,1.5746E-07,1.3026E-07,1.6800E-07,4.7482E-08,0.0000E+00
54580.0000,NaN,0.0000E+00,1.7665E-07,1.5462E-07,2.9299E-07,5.5980E-08,3.5389E-08,3.6354E-08,1.5089E-08,0.0000E+00
54581.0000,NaN,0.0000E+00,1.5363E-07,4.7952E-08,3.3526E-08,5.7471E-08,6.2633E-08,7.0487E-07,3.6963E-08,0.0000E+00
54582.0000,NaN,0.0000E+00,1.2436E-07,1.9996E-07,1.7391E-07,5.9378E-08,1.4625E-07,2.1657E-07,4.5280E-08,0.0000E+00
54583.0000,NaN,0.0000E+00,1.1196E-07,6.6597E-08,7.6915E-08,6.3031E-08,3.2856E-08,1.2991E-06,2.1891E-07,0.0000E+00
54584.0000,NaN,0.0000E+00,1.3990E-07,1.9839E-07,1.3988E-07,3.8957E-08,6.4423E-08,1.7207E-07,6.1328E-09,0.0000E+00
54585.0000,NaN,0.0000E+00,1.2351E-07,1.1673E-07,5.2726E-08,4.0952E-08,1.3748E-07,8.9574E-08,2.9624E-09,0.0000E+00
54586.0000,NaN,0.0000E+00,1.0364E-07,2.4346E-07,1.0365E-07,4.4047E-08,7.5859E-08,2.8360E-09,5.4304E-07,0.0000E+00
54587.0000,NaN,0.0000E+00,1.0735E-07,1.0667E-07,3.1762E-08,4.2740E-08,3.7150E-08,5.2030E-09,1.0445E-06,0.0000E+00
54588.0000,NaN,0.0000E+00,8.3744E-08,1.9205E-07,5.9735E-08,2.7991E-08,1.6815E-08,1.6846E-08,6.7313E-07,0.0000E+00
54589.0000,NaN,0.0000E+00,1.4054E-07,1.2493E-07,6.9995E-08,3.1703E-08,2.2661E-08,1.4208E-07,8.0328E-06,0.0000E+00
54590.0000,NaN,0.0000E+00,1.3133E-07,3.4049E-07,8.7317E-08,6.5131E-08,7.5339E-07,3.7279E-06,5.6263E-06,0.0000E+00
54591.0000,NaN,0.0000E+00,5.7569E-07,4.6168E-07,5.3163E-07,1.4686E-06,1.9414E-06,1.7666E-07,3.2033E-07,0.0000E+00
54592.0000,NaN,0.0000E+00,3.7750E-06,7.2127E-06,1.0971E-06,3.3420E-07,2.5073E-07,2.0256E-08,3.5193E-07,0.0000E+00
54593.0000,NaN,0.0000E+00,2.2676E-06,7.8309E-07,7.2726E-07,1.3876E-06,5.6780E-07,4.5686E-07,8.6606E-07,0.0000E+00
54594.0000,NaN,0.0000E+00,8.0471E-06,2.4805E-06,1.7891E-07,1.0294E-07,3.2154E-07,5.6016E-08,3.4485E-07,0.0000E+00
54595.0000,NaN,0.0000E+00,4.6142E-06,7.2897E-07,3.3612E-08,1.5123E-07,2.4088E-07,1.2902E-07,5.1377E-07,0.0000E+00
54596.0000,NaN,0.0000E+00,3.2542E-06,6.8653E-07,7.0834E-08,4.1493E-08,2.4973E-08,2.9057E-07,4.8140E-07,0.0000E+00
54597.0000,NaN,0.0000E+00,3.6118E-06,7.6939E-07,5.3449E-08,9.3366E-08,1.6005E-07,4.5733E-07,2.5870E-07,0.0000E+00
54598.0000,NaN,0.0000E+00,4.3480E-06,8.4061E-07,1.7016E-07,1.0628E-07,3.9024E-07,1.1079E-07,1.3742E-07,0.0000E+00
54599.0000,NaN,0.0000E+00,4.9642E-06,1.3507E-06,1.1956E-07,2.9166E-07,1.9325E-07,2.7555E-07,1.8505E-07,0.0000E+00
54600.0000,NaN,0.0000E+00,5.3684E-06,9.4128E-07,3.0634E-07,7.0940E-08,1.6841E-07,7.7635E-08,9.1293E-08,0.0000E+00
54601.0000,NaN,0.0000E+00,2.7117E-06,8.6872E-07,8.0683E-08,6.4542E-07,1.4055E-06,1.4349E-06,1.7493E-07,0.0000E+00
54602.0000,NaN,0.0000E+00,3.7062E-06,3.4464E-07,2.7127E-07,3.8582E-08,7.1945E-07,3.5593E-08,1.5820E-08,0.0000E+00
54603.0000,NaN,0.0000E+00,2.5274E-06,3.9265E-07,4.3641E-08,6.1072E-07,5.5670E-08,9.8639E-09,1.3421E-08,0.0000E+00
54604.0000,NaN,0.0000E+00,2.4892E-06,2.0000E-07,2.2333E-07,3.7971E-08,2.7831E-07,5.3262E-07,1.2877E-06,0.0000E+00
54605.0000,NaN,0.0000E+00,1.3765E-06,2.1085E-07,2.8570E-08,7.8103E-07,1.4756E-06,1.5455E-07,1.2070E-07,0.0000E+00
54606.0000,NaN,0.0000E+00,3.6234E-06,3.0518E-07,1.1134E-06,5.3977E-07,4.1649E-07,3.0353E-07,1.3748E-06,0.0000E+00
54607.0000,NaN,0.0000E+00,3.4529E-06,3.1552E-07,3.0435E-08,4.3923E-07,1.0614E-07,1.8985E-07,7.9460E-08,0.0000E+00
54608.0000,NaN,0.0000E+00,9.5424E-07,1.2607E-07,6.1065E-07,3.2229E-08,3.4271E-07,2.1229E-07,3.0935E-08,0.0000E+00
54609.0000,NaN,0.0000E+00,1.2208E-06,1.6907E-07,2.6198E-07,7.4327E-07,7.8631E-07,1.5896E-07,2.1819E-07,0.0000E+00
54610.0000,NaN,0.0000E+00,4.8254E-06,5.9332E-07,1.3268E-06,5.7099E-07,2.4430E-07,5.3969E-08,8.0634E-08,0.0000E+00
54611.0000,NaN,0.0000E+00,4.0470E-06,3.6842E-07,3.2445E-07,2.3419E-08,4.8624E-08,4.2220E-08,2.4392E-08,0.0000E+00
54612.0000,NaN,0.0000E+00,4.3506E-06,3.3444E-07,5.2461E-07,6.5370E-07,6.9338E-07,1.3440E-07,1.1326E-07,0.0000E+00
54613.0000,NaN,0.0000E+00,1.5726E-05,2.2777E-06,1.1348E-06,3.6022E-07,2.1636E-07,1.1895E-07,1.8629E-07,0.0000E+00
54614.0000,NaN,0.0000E+00,5.1720E-06,4.0747E-07,1.9949E-07,6.4233E-08,2.7331E-08,1.4785E-08,4.4986E-08,0.0000E+00
54615.0000,NaN,0.0000E+00,3.4175E-06,4.5675E-07,5.6951E-08,2.1688E-09,9.5637E-08,4.5928E-07,2.9227E-07,0.0000E+00
54616.0000,NaN,0.0000E+00,9.7924E-07,2.6125E-07,1.9359E-07,3.9049E-07,7.6632E-07,5.4036E-07,4.5370E-07,0.0000E+00
54617.0000,NaN,0.0000E+00,2.9903E-06,8.7581E-07,3.4354E-07,2.1098E-07,2.9051E-07,6.7104E-07,2.2211E-07,0.0000E+00
54618.0000,NaN,0.0000E+00,7.8421E-06,7.7315E-07,4.8737E-08,1.1160E-08,2.1235E-08,4.8454E-08,1.3798E-08,0.0000E+00
54619.0000,NaN,0.0000E+00,1.9039E-06,2.7522E-07,5.5526E-09,7.0794E-09,4.2816E-08,5.0732E-08,1.5027E-07,0.0000E+00
54620.0000,NaN,0.0000E+00,5.0998E-06,5.9067E-07,2.3484E-07,1.5266E-07,1.0269E-07,1.8490E-07,4.7504E-07,0.0000E+00
54621.0000,NaN,0.0000E+00,1.2945E-05,1.2566E-06,3.9139E-07,2.2099E-07,1.2931E-07,1.1384E-07,1.4251E-07,0.0000E+00
54622.0000,NaN,0.0000E+00,3.2474E-06,2.2900E-07,2.3287E-08,6.1920E-09,4.2362E-09,8.0833E-09,2.2913E-08,0.0000E+00
54623.0000,NaN,0.0000E+00,5.1077E-07,9.0701E-08,2.2506E-08,9.7496E-09,1.0816E-08,1.4856E-08,2.9546E-08,0.0000E+00
54624.0000,NaN,0.0000E+00,3.1052E-07,6.5144E-08,5.3725E-08,1.0389E-07,1.5845E-07,1.8650E-07,1.7737E-07,0.0000E+00
54625.0000,NaN,0.0000E+00,3.4544E-07,4.0340E-08,3.6654E-08,6.6077E-08,7.6469E-08,7.1693E-08,6.5904E-08,0.0000E+00
54626.0000,NaN,0.0000E+00,3.6049E-07,1.0011E-08,1.6175E-08,8.6863E-08,2.0979E-07,2.6197E-07,1.1001E-07,0.0000E+00
54627.0000,NaN,0.0000E+00,1.5213E-07,4.5539E-08,8.3359E-08,1.0841E-07,8.6145E-08,5.8824E-08,2.6877E-08,0.0000E+00
54628.0000,NaN,0.0000E+00,8.8387E-07,4.0372E-07,5.3101E-08,5.9656E-08,4.3672E-08,1.4988E-08,1.5371E-08,0.0000E+00
54629.0000,NaN,0.0000E+00,2.4644E-06,1.9123E-08,5.2704E-09,4.6099E-09,3.5025E-09,3.4273E-09,2.4804E-08,0.0000E+00
54630.0000,NaN,0.0000E+00,2.5539E-07,3.1801E-07,4.0823E-08,1.6881E-09,8.4360E-08,6.5757E-07,8.1604E-07,0.0000E+00
54631.0000,NaN,0.0000E+00,1.1637E-07,1.2023E-08,1.4218E-08,1.5929E-07,4.9259E-07,1.5412E-07,2.8008E-08,0.0000E+00
54632.0000,NaN,0.0000E+00,1.3235E-07,3.9188E-08,7.5316E-08,1.6293E-07,4.4008E-08,2.3241E-08,6.9914E-09,0.0000E+00
54633.0000,NaN,0.0000E+00,7.4433E-08,6.0039E-09,2.1152E-08,3.6493E-09,1.6942E-08,1.4574E-07,1.0914E-06,0.0000E+00
54634.0000,NaN,0.0000E+00,1.9834E-08,3.5040E-09,1.0872E-08,1.3730E-09,1.5608E-08,1.8197E-07,4.3550E-07,0.0000E+00
54635.0000,NaN,0.0000E+00,5.1768E-08,6.8971E-10,1.6092E-09,2.8338E-08,2.9684E-08,5.4423E-08,3.0361E-07,0.0000E+00
54636.0000,NaN,0.0000E+00,5.0721E-08,7.1262E-09,8.7082E-09,2.8923E-08,1.3678E-08,8.8085E-08,2.5218E-07,0.0000E+00
54637.0000,NaN,0.0000E+00,9.1495E-08,1.2106E-08,3.6917E-08,8.5857E-08,9.5690E-08,1.3665E-07,5.1302E-07,0.0000E+00
54638.0000,NaN,0.0000E+00,1.0833E-07,2.6136E-08,3.1608E-08,7.5361E-08,1.2031E-08,2.8633E-08,1.8946E-07,0.0000E+00
54639.0000,NaN,0.0000E+00,4.0270E-07,1.6007E-09,1.1077E-09,1.5315E-09,7.3524E-10,1.6536E-09,2.1218E-08,0.0000E+00
54640.0000,NaN,0.0000E+00,2.2745E-07,7.7236E-09,2.4127E-09,3.8577E-09,3.3757E-08,5.0949E-08,6.8572E-08,0.0000E+00
54641.0000,NaN,0.0000E+00,9.3971E-08,1.3445E-08,3.4499E-11,1.2706E-09,2.6430E-08,1.9676E-07,2.2653E-07,0.0000E+00
54642.0000,NaN,0.0000E+00,1.9629E-08,7.1409E-09,7.9698E-11,1.8804E-08,2.2780E-07,2.4786E-07,1.4503E-07,0.0000E+00
54643.0000,NaN,0.0000E+00,1.2401E-08,5.1529E-09,3.1683E-09,1.5517E-07,1.1604E-07,2.9296E-07,7.9850E-08,0.0000E+00
54644.0000,NaN,0.0000E+00,1.4332E-08,6.0287E-09,1.3029E-08,3.7046E-08,6.2214E-08,4.1499E-08,1.7846E-08,0.0000E+00
54645.0000,NaN,0.0000E+00,3.2440E-08,9.9565E-09,6.0452E-09,1.1812E-07,1.4482E-07,4.9038E-08,2.3689E-07,0.0000E+00
54646.0000,NaN,0.0000E+00,3.6667E-08,1.2173E-08,5.2335E-08,7.9644E-08,3.8936E-08,5.4373E-08,4.2537E-08,0.0000E+00
54647.0000,NaN,0.0000E+00,1.3704E-07,1.3507E-07,3.1056E-07,5.7089E-08,1.7925E-08,2.5567E-08,3.5955E-08,0.0000E+00
54648.0000,NaN,0.0000E+00,4.5706E-07,2.4922E-07,1.3570E-07,2.4859E-08,3.6157E-08,3.4255E-07,7.9509E-07,0.0000E+00
54649.0000,NaN,0.0000E+00,2.0338E-07,6.9282E-08,4.6587E-08,2.1716E-08,4.9140E-07,1.6709E-07,1.0605E-07,0.0000E+00
54650.0000,NaN,0.0000E+00,2.4043E-07,3.3118E-08,3.9925E-08,2.3288E-07,7.8336E-08,2.1559E-07,4.3011E-08,0.0000E+00
54651.0000,NaN,0.0000E+00,7.1218E-07,1.6082E-07,2.5064E-07,7.4219E-08,1.2561E-07,7.2349E-08,1.7139E-07,0.0000E+00
54652.0000,NaN,0.0000E+00,5.2439E-07,3.1510E-08,1.6835E-08,5.8882E-09,2.5988E-08,1.4998E-08,7.5119E-08,0.0000E+00
54653.0000,NaN,0.0000E+00,1.4083E-06,3.9660E-08,4.2970E-08,2.0638E-08,1.5432E-08,1.7897E-08,2.8598E-08,0.0000E+00
54654.0000,NaN,0.0000E+00,5.5108E-06,6.7272E-07,1.6434E-07,2.2569E-07,1.3154E-07,1.7142E-07,1.1072E-07,0.0000E+00
54655.0000,NaN,0.0000E+00,2.9718E-06,3.1934E-07,1.1595E-07,6.2633E-08,5.5995E-08,5.1230E-08,8.4391E-08,0.0000E+00
54656.0000,NaN,0.0000E+00,5.8423E-08,2.8638E-09,2.1240E-08,2.7874E-08,5.0541E-08,5.6018E-08,9.4625E-08,0.0000E+00
54657.0000,NaN,0.0000E+00,1.1933E-08,1.5968E-07,1.9992E-07,8.3500E-08,4.1937E-08,3.2120E-08,2.0144E-08,0.0000E+00
54658.0000,NaN,0.0000E+00,1.6651E-07,1.5409E-07,1.8500E-08,3.8289E-09,1.6289E-09,2.4596E-09,4.0377E-09,0.0000E+00
54659.0000,NaN,0.0000E+00,1.0665E-07,4.3434E-09,6.8053E-10,2.1438E-09,8.5734E-09,4.5666E-08,1.4982E-07,0.0000E+00
54660.0000,NaN,0.0000E+00,7.2738E-08,1.3373E-09,2.9416E-11,1.8249E-09,1.6875E-08,8.7972E-08,3.7375E-07,0.0000E+00
54661.0000,NaN,0.0000E+00,1.4501E-07,6.0297E-09,1.2713E-09,2.0979E-08,1.3009E-07,2.6836E-07,3.5747E-07,0.0000E+00
54662.0000,NaN,0.0000E+00,7.1649E-07,1.0372E-07,4.7423E-08,1.2335E-07,5.8693E-08,3.9969E-08,7.6428E-08,0.0000E+00
54663.0000,NaN,0.0000E+00,9.7755E-07,8.7225E-09,8.5685E-10,4.0221E-09,8.9773E-09,1.7880E-08,1.1366E-07,0.0000E+00
54664.0000,NaN,0.0000E+00,6.7175E-07,1.5369E-09,3.9305E-10,5.9519E-10,3.1180E-09,3.5179E-08,1.1608E-07,0.0000E+00
54665.0000,NaN,0.0000E+00,1.2161E-06,1.9079E-07,7.9417E-08,8.1810E-08,1.4882E-07,1.3180E-07,3.7574E-08,0.0000E+00
54666.0000,NaN,0.0000E+00,1.1643E-07,2.2849E-08,6.7129E-09,7.4570E-09,7.8862E-08,2.0935E-07,6.8902E-08,0.0000E+00
54667.0000,NaN,0.0000E+00,5.2584E-08,2.0901E-08,6.2309E-09,7.5341E-09,1.1405E-07,7.2920E-08,2.8806E-08,0.0000E+00
54668.0000,NaN,0.0000E+00,5.0430E-08,1.9464E-08,5.6277E-09,3.8111E-09,2.7610E-08,5.4726E-08,7.8338E-09,0.0000E+00
54669.0000,NaN,0.0000E+00,6.8558E-08,2.0209E-08,5.6487E-09,4.8730E-09,1.3700E-07,6.9877E-08,1.7304E-08,0.0000E+00
54670.0000,NaN,0.0000E+00,9.1965E-08,2.8718E-08,9.7036E-09,9.1874E-08,3.8474E-07,1.1778E-07,3.2714E-07,0.0000E+00
54671.0000,NaN,0.0000E+00,1.1284E-07,4.6064E-08,4.0818E-08,3.2612E-07,2.3716E-07,6.5223E-08,4.1560E-08,0.0000E+00
54672.0000,NaN,0.0000E+00,1.3081E-07,5.1177E-08,2.8325E-09,4.9297E-08,2.0442E-07,5.5120E-08,4.4740E-08,0.0000E+00
54673.0000,NaN,0.0000E+00,1.6599E-07,1.0041E-07,5.1143E-08,1.5797E-07,7.7337E-08,1.1406E-07,5.4604E-07,0.0000E+00
54674.0000,NaN,0.0000E+00,5.6159E-07,4.8847E-07,4.1139E-07,2.0890E-07,1.7717E-07,7.5612E-08,1.0249E-07,0.0000E+00
54675.0000,NaN,0.0000E+00,3.5422E-07,1.6205E-07,4.4007E-08,2.9840E-08,4.8984E-08,1.5034E-08,2.4751E-08,0.0000E+00
54676.0000,NaN,0.0000E+00,1.3835E-07,3.5034E-08,4.1895E-08,5.1431E-08,2.9277E-08,4.2996E-08,1.1759E-07,0.0000E+00
54677.0000,NaN,0.0000E+00,3.2777E-06,8.1701E-07,7.9935E-07,7.3886E-07,1.1889E-06,1.1825E-06,1.0531E-06,0.0000E+00
54678.0000,NaN,0.0000E+00,1.5842E-05,1.0772E-06,2.0875E-07,5.5797E-08,1.6210E-08,9.0858E-09,8.9907E-09,0.0000E+00
54679.0000,NaN,0.0000E+00,7.3242E-06,8.8672E-07,2.9616E-07,8.4485E-08,9.8628E-09,8.8669E-10,1.6045E-08,0.0000E+00
54680.0000,NaN,0.0000E+00,1.7508E-06,8.8506E-08,1.2996E-08,3.4316E-09,1.1750E-09,9.7233E-09,6.2025E-07,0.0000E+00
54681.0000,NaN,0.0000E+00,8.1885E-08,2.6296E-09,7.2969E-10,1.0616E-09,1.2001E-08,4.5981E-07,1.2136E-06,0.0000E+00
54682.0000,NaN,0.0000E+00,5.1859E-08,2.6080E-09,7.7467E-10,4.0033E-09,1.1150E-07,6.1020E-07,1.3188E-07,0.0000E+00
54683.0000,NaN,0.0000E+00,4.9979E-08,4.1680E-09,1.0646E-08,4.2465E-08,5.8632E-08,2.8662E-09,3.3095E-07,0.0000E+00
54684.0000,NaN,0.0000E+00,5.2969E-08,7.3885E-09,3.2655E-08,2.3304E-08,5.5136E-08,1.2733E-06,4.2256E-07,0.0000E+00
54685.0000,NaN,0.0000E+00,8.8507E-08,7.2336E-08,4.7619E-07,7.7039E-08,4.0391E-07,1.5559E-07,7.1842E-08,0.0000E+00
54686.0000,NaN,0.0000E+00,2.3789E-07,4.2828E-07,1.6545E-08,6.5879E-09,2.5971E-08,2.5843E-08,2.8444E-07,0.0000E+00
54687.0000,NaN,0.0000E+00,2.9339E-07,3.8652E-09,5.0488E-09,8.9350E-09,2.7437E-08,2.5093E-07,1.0312E-07,0.0000E+00
54688.0000,NaN,0.0000E+00,1.4390E-06,1.5882E-07,9.1972E-08,6.8599E-08,1.4295E-07,1.4622E-07,2.6948E-07,0.0000E+00
54689.0000,NaN,0.0000E+00,8.0536E-06,1.0042E-06,7.4085E-08,3.7342E-08,3.5079E-08,2.4975E-08,4.4854E-08,0.0000E+00
54690.0000,NaN,0.0000E+00,2.3887E-05,1.4013E-06,5.6604E-08,9.5990E-09,5.5877E-09,1.8048E-08,2.6450E-08,0.0000E+00
54691.0000,NaN,0.0000E+00,6.8132E-06,6.5112E-07,2.7435E-07,1.0755E-07,4.3577E-08,1.0130E-07,2.5871E-07,0.0000E+00
54692.0000,NaN,0.0000E+00,8.6825E-06,6.8662E-07,1.5992E-07,2.4460E-07,2.6211E-07,7.7104E-08,3.5735E-08,0.0000E+00
54693.0000,NaN,0.0000E+00,1.0328E-05,1.2529E-06,2.6335E-07,1.2760E-07,6.9176E-08,3.1814E-08,1.7118E-08,0.0000E+00
54694.0000,NaN,0.0000E+00,3.4228E-06,2.4846E-07,4.4443E-08,3.5372E-08,3.1665E-08,5.5725E-08,1.9106E-07,0.0000E+00
54695.0000,NaN,0.0000E+00,2.1077E-06,5.4562E-07,4.3115E-07,4.2146E-07,4.0994E-07,2.5477E-07,2.1131E-07,0.0000E+00
54696.0000,NaN,0.0000E+00,2.6309E-05,1.8610E-06,3.4990E-07,1.1359E-07,8.8726E-08,1.0082E-07,1.3781E-07,0.0000E+00
54697.0000,NaN,0.0000E+00,3.1807E-05,4.2542E-06,8.8339E-07,2.2188E-07,7.8842E-08,9.4653E-08,1.5962E-07,0.0000E+00
54698.0000,NaN,0.0000E+00,6.3415E-06,3.2674E-07,5.2452E-08,6.3079E-09,2.4104E-07,9.9508E-07,1.3415E-06,0.0000E+00
54699.0000,NaN,0.0000E+00,8.7908E-06,5.5776E-06,2.9839E-06,3.6339E-06,7.6061E-06,3.8784E-06,2.2944E-06,0.0000E+00
54700.0000,NaN,0.0000E+00,3.1486E-05,5.1198E-06,3.7340E-07,5.3626E-08,3.8038E-08,3.5115E-08,2.4986E-08,0.0000E+00
54701.0000,NaN,0.0000E+00,5.3783E-05,1.4447E-05,1.7072E-06,8.5925E-07,1.4778E-07,2.1200E-09,3.5884E-07,0.0000E+00
54702.0000,NaN,0.0000E+00,3.5930E-05,6.9233E-06,9.1626E-07,1.6399E-06,9.2407E-07,3.0970E-08,3.9549E-07,0.0000E+00
54703.0000,NaN,0.0000E+00,3.3068E-05,8.6945E-06,1.4630E-06,1.3597E-06,1.3981E-06,2.7879E-06,7.5988E-07,0.0000E+00
54704.0000,NaN,0.0000E+00,5.0316E-05,6.8702E-06,1.2762E-06,1.9098E-06,1.5840E-06,1.4080E-07,8.3108E-07,0.0000E+00
54705.0000,NaN,0.0000E+00,3.1767E-05,5.0158E-06,9.4565E-07,4.8866E-07,2.6138E-07,7.9694E-09,3.1652E-08,0.0000E+00
54706.0000,NaN,0.0000E+00,2.0433E-05,1.2614E-06,3.1696E-07,2.3075E-07,2.5049E-07,3.0793E-07,9.5328E-07,0.0000E+00
54707.0000,NaN,0.0000E+00,2.7742E-05,3.7659E-06,1.0020E-06,5.4031E-07,5.9520E-07,2.3840E-07,2.0897E-07,0.0000E+00
54708.0000,NaN,0.0000E+00,2.9384E-05,2.4102E-06,4.5841E-07,1.4302E-07,7.6965E-08,3.3219E-08,6.9779E-08,0.0000E+00
54709.0000,NaN,0.0000E+00,1.2578E-05,1.4518E-06,3.1180E-07,7.3828E-08,6.8734E-09,1.2003E-08,1.0240E-07,0.0000E+00
54710.0000,NaN,0.0000E+00,6.8498E-06,4.7841E-07,1.3554E-07,1.0201E-07,3.7843E-07,2.4099E-07,1.3868E-07,0.0000E+00
54711.0000,NaN,0.0000E+00,1.8576E-05,2.3010E-06,6.8300E-07,2.7697E-07,6.3249E-08,5.9057E-08,2.2707E-07,0.0000E+00
54712.0000,NaN,0.0000E+00,1.6544E-05,1.1100E-06,1.7877E-07,7.0751E-08,2.8808E-07,2.0210E-07,5.5400E-08,0.0000E+00
54713.0000,NaN,0.0000E+00,4.5792E-06,5.5027E-07,1.3560E-07,1.0131E-08,1.8437E-08,9.8651E-08,2.6241E-07,0.0000E+00
54714.0000,NaN,0.0000E+00,1.4283E-06,9.3179E-08,3.2847E-08,9.2424E-08,1.7156E-07,5.3593E-08,3.5124E-08,0.0000E+00
54715.0000,NaN,0.0000E+00,2.1500E-06,3.5949E-07,2.4806E-07,1.2397E-07,8.7341E-08,2.0136E-07,7.8856E-07,0.0000E+00
54716.0000,NaN,0.0000E+00,3.1734E-06,1.5404E-07,1.9014E-08,3.9977E-08,1.9205E-07,2.5279E-08,2.5293E-08,0.0000E+00
54717.0000,NaN,0.0000E+00,2.4305E-06,3.0319E-07,2.3611E-07,4.7756E-09,4.3720E-09,1.8042E-07,1.5119E-06,0.0000E+00
54718.0000,NaN,0.0000E+00,1.4967E-06,9.8220E-08,6.0310E-08,5.2239E-08,4.6040E-07,1.9003E-07,2.5839E-07,0.0000E+00
54719.0000,NaN,0.0000E+00,1.5960E-06,2.2994E-07,3.1047E-07,1.0554E-07,6.0533E-08,3.2313E-08,4.0240E-07,0.0000E+00
54720.0000,NaN,0.0000E+00,2.2152E-06,1.6472E-07,6.2847E-08,3.2581E-08,2.6488E-07,3.7596E-08,5.0947E-08,0.0000E+00
54721.0000,NaN,0.0000E+00,1.0069E-06,1.3895E-07,1.5272E-07,4.1033E-08,7.0388E-08,3.0539E-08,1.1155E-06,0.0000E+00
54722.0000,NaN,0.0000E+00,1.6981E-06,1.0966E-07,4.7389E-08,7.9585E-08,1.0526E-06,5.0734E-07,3.5858E-07,0.0000E+00
54723.0000,NaN,0.0000E+00,7.1382E-06,8.6258E-07,4.8589E-07,2.6680E-07,4.0344E-07,3.1863E-08,6.5702E-07,0.0000E+00
54724.0000,NaN,0.0000E+00,3.8715E-06,2.2208E-07,4.2929E-08,2.7516E-08,1.1548E-07,5.1667E-07,2.2177E-07,0.0000E+00
54725.0000,NaN,0.0000E+00,1.8066E-06,3.2048E-07,8.3313E-08,2.3983E-08,8.9005E-08,4.2778E-08,1.6302E-07,0.0000E+00
54726.0000,NaN,0.0000E+00,7.9956E-07,2.0905E-07,2.1235E-07,3.7657E-07,3.0966E-07,6.3827E-07,4.7739E-07,0.0000E+00
54727.0000,NaN,0.0000E+00,3.9092E-06,9.1640E-07,5.3851E-07,1.3069E-07,1.5638E-07,4.7444E-08,1.1674E-07,0.0000E+00
54728.0000,NaN,0.0000E+00,3.0946E-06,3.6718E-07,6.8351E-08,4.7532E-08,1.0214E-07,4.6104E-07,4.4890E-07,0.0000E+00
54729.0000,NaN,0.0000E+00,8.8185E-07,1.4884E-07,1.1034E-07,9.6128E-08,7.4573E-08,5.8800E-08,7.6137E-08,0.0000E+00
54730.0000,NaN,0.0000E+00,6.5820E-07,5.9282E-08,1.8626E-08,4.7904E-09,2.5162E-09,2.7846E-09,6.1169E-10,0.0000E+00
54731.0000,NaN,0.0000E+00,3.5289E-07,3.0664E-08,1.4846E-08,2.6545E-09,2.7147E-10,7.2250E-11,1.9042E-11,0.0000E+00
54732.0000,NaN,0.0000E+00,2.3803E-07,2.3118E-08,9.9584E-09,4.6170E-09,4.5036E-10,4.0957E-11,9.1040E-12,0.0000E+00
54733.0000,NaN,0.0000E+00,2.2817E-07,2.1281E-08,1.1349E-08,5.7026E-09,2.2230E-09,9.9231E-11,1.2507E-11,0.0000E+00
54734.0000,NaN,0.0000E+00,2.5455E-07,2.4876E-08,1.2156E-08,7.8509E-09,5.6643E-09,1.1384E-09,1.5511E-10,0.0000E+00
54735.0000,NaN,0.0000E+00,3.7423E-07,3.4867E-08,1.6388E-08,1.1086E-08,3.3148E-09,7.7362E-10,8.5171E-10,0.0000E+00
54736.0000,NaN,0.0000E+00,4.3520E-07,3.5055E-08,8.0179E-09,1.9388E-09,5.2680E-10,2.7299E-11,8.9299E-12,0.0000E+00
54737.0000,NaN,0.0000E+00,4.6814E-07,4.1673E-08,2.4139E-09,4.7029E-10,1.5904E-10,4.6050E-11,7.8781E-12,0.0000E+00
54738.0000,NaN,0.0000E+00,1.9359E-07,2.3783E-08,1.7329E-08,3.1993E-09,1.7501E-10,4.5508E-12,7.4466E-11,0.0000E+00
54739.0000,NaN,0.0000E+00,1.1560E-07,1.0314E-08,6.7108E-09,2.9007E-09,1.5126E-10,1.1695E-11,8.0661E-11,0.0000E+00
54740.0000,NaN,0.0000E+00,7.4181E-08,7.4846E-09,4.9536E-09,3.5369E-09,3.0517E-10,2.5061E-11,6.2303E-11,0.0000E+00
54741.0000,NaN,0.0000E+00,6.8460E-08,6.7580E-09,4.6793E-09,3.9441E-09,6.6742E-10,4.6366E-11,4.6268E-11,0.0000E+00
54742.0000,NaN,0.0000E+00,7.4265E-08,7.4323E-09,4.8852E-09,4.6351E-09,1.5350E-09,8.8047E-11,3.7062E-11,0.0000E+00
54743.0000,NaN,0.0000E+00,8.1272E-08,7.8010E-09,4.9091E-09,5.3003E-09,3.1442E-09,2.0821E-10,3.5486E-11,0.0000E+00
54744.0000,NaN,0.0000E+00,8.9649E-08,8.5045E-09,4.2744E-09,5.2328E-09,4.4753E-09,7.2989E-10,4.9077E-11,0.0000E+00
54745.0000,NaN,0.0000E+00,1.0231E-07,9.8100E-09,3.4003E-09,4.3705E-09,4.4476E-09,2.9261E-09,1.3140E-10,0.0000E+00
54746.0000,NaN,0.0000E+00,1.1837E-07,1.2194E-08,3.3013E-09,3.3663E-09,3.8806E-09,3.4840E-09,6.7556E-10,0.0000E+00
54747.0000,NaN,0.0000E+00,1.3302E-07,1.3388E-08,3.4958E-09,2.4770E-09,2.9089E-09,1.6766E-09,2.5056E-09,0.0000E+00
54748.0000,NaN,0.0000E+00,1.4683E-07,1.4287E-08,3.3724E-09,1.5114E-09,1.5706E-09,1.7439E-09,2.9876E-09,0.0000E+00
54749.0000,NaN,0.0000E+00,1.4710E-07,1.4257E-08,3.2673E-09,9.6697E-10,7.1334E-10,8.8299E-10,2.4386E-09,0.0000E+00
54750.0000,NaN,0.0000E+00,1.3718E-07,1.3296E-08,3.2341E-09,1.1529E-09,5.3540E-10,4.1317E-10,1.7948E-09,0.0000E+00
54751.0000,NaN,0.0000E+00,1.2640E-07,1.2400E-08,2.8886E-09,1.0782E-09,5.3001E-10,4.4149E-10,1.5474E-09,0.0000E+00
54752.0000,NaN,0.0000E+00,1.1858E-07,1.1538E-08,2.7180E-09,8.7010E-10,3.6354E-10,2.7817E-10,1.3178E-09,0.0000E+00
54753.0000,NaN,0.0000E+00,1.1119E-07,1.0585E-08,2.4749E-09,8.3944E-10,3.1140E-10,1.8163E-10,1.0389E-09,0.0000E+00
54754.0000,NaN,0.0000E+00,1.0308E-07,9.8222E-09,2.3031E-09,7.9798E-10,3.3939E-10,1.7583E-10,7.6847E-10,0.0000E+00
54755.0000,NaN,0.0000E+00,9.7496E-08,9.3275E-09,2.1961E-09,7.2591E-10,2.7554E-10,1.3527E-10,6.5994E-10,0.0000E+00
54756.0000,NaN,0.0000E+00,9.0904E-08,8.6957E-09,2.0150E-09,6.6227E-10,2.3142E-10,1.0849E-10,5.3308E-10,0.0000E+00
54757.0000,NaN,0.0000E+00,8.4336E-08,8.0568E-09,1.8800E-09,6.3039E-10,2.4250E-10,1.0343E-10,4.2570E-10,0.0000E+00
54758.0000,NaN,0.0000E+00,7.7556E-08,7.4242E-09,1.7303E-09,5.7464E-10,2.2075E-10,1.0709E-10,3.3360E-10,0.0000E+00
54759.0000,NaN,0.0000E+00,7.2064E-08,6.8890E-09,1.6151E-09,5.4574E-10,2.1342E-10,1.1032E-10,3.0915E-10,0.0000E+00
54760.0000,NaN,0.0000E+00,6.6532E-08,6.3492E-09,1.4672E-09,4.7917E-10,1.7629E-10,9.3502E-11,2.5625E-10,0.0000E+00
54761.0000,NaN,0.0000E+00,6.0662E-08,5.7618E-09,1.3576E-09,4.8382E-10,2.2774E-10,1.4633E-10,2.2801E-10,0.0000E+00
54762.0000,NaN,0.0000E+00,5.6342E-08,5.4250E-09,1.2746E-09,4.1971E-10,1.5138E-10,6.8057E-11,1.9280E-10,0.0000E+00
54763.0000,NaN,0.0000E+00,5.2293E-08,4.9404E-09,1.1279E-09,3.7189E-10,1.5758E-10,1.5928E-10,2.4363E-10,0.0000E+00
54764.0000,NaN,0.0000E+00,4.8655E-08,4.6874E-09,1.1151E-09,3.7520E-10,1.3136E-10,4.1154E-11,2.3687E-10,0.0000E+00
54765.0000,NaN,0.0000E+00,4.4495E-08,4.1553E-09,9.1676E-10,2.8061E-10,1.0819E-10,1.3031E-10,1.7140E-10,0.0000E+00
54766.0000,NaN,0.0000E+00,4.1072E-08,3.9924E-09,9.7531E-10,3.4995E-10,1.5058E-10,1.0107E-10,2.5188E-10,0.0000E+00
54767.0000,NaN,0.0000E+00,3.8745E-08,3.6616E-09,8.2101E-10,2.4946E-10,8.0290E-11,1.1844E-10,1.9309E-10,0.0000E+00
54768.0000,NaN,0.0000E+00,3.5865E-08,3.4383E-09,8.2116E-10,2.9719E-10,1.4089E-10,9.7536E-11,2.5852E-10,0.0000E+00
54769.0000,NaN,0.0000E+00,3.4085E-08,3.2508E-09,7.5477E-10,2.4219E-10,8.2816E-11,8.6466E-11,1.9935E-10,0.0000E+00
54770.0000,NaN,0.0000E+00,3.1340E-08,2.9759E-09,6.9299E-10,2.5215E-10,1.4703E-10,1.1040E-10,2.1827E-10,0.0000E+00
54771.0000,NaN,0.0000E+00,2.9914E-08,2.9003E-09,7.0168E-10,2.3822E-10,8.7972E-11,7.4902E-11,1.7900E-10,0.0000E+00
54772.0000,NaN,0.0000E+00,2.7097E-08,2.5284E-09,5.5462E-10,1.8630E-10,1.2803E-10,1.2415E-10,1.6555E-10,0.0000E+00
54773.0000,NaN,0.0000E+00,2.5564E-08,2.5165E-09,6.5201E-10,2.5451E-10,1.2166E-10,8.1518E-11,1.4307E-10,0.0000E+00
54774.0000,NaN,0.0000E+00,2.3817E-08,2.2262E-09,4.7736E-10,1.4384E-10,9.3489E-11,1.7562E-10,1.2959E-10,0.0000E+00
54775.0000,NaN,0.0000E+00,2.1748E-08,2.1105E-09,5.6213E-10,2.6145E-10,1.3591E-10,1.3060E-10,1.1624E-10,0.0000E+00
54776.0000,NaN,0.0000E+00,2.1108E-08,2.0328E-09,4.6481E-10,1.4195E-10,6.6783E-11,2.3922E-10,1.1153E-10,0.0000E+00
54777.0000,NaN,0.0000E+00,1.8954E-08,1.7695E-09,4.3066E-10,2.1420E-10,1.3652E-10,2.2041E-10,9.1885E-11,0.0000E+00
54778.0000,NaN,0.0000E+00,1.8622E-08,1.8614E-09,4.7027E-10,1.6882E-10,7.3900E-11,2.5053E-10,8.7684E-11,0.0000E+00
54779.0000,NaN,0.0000E+00,1.7688E-08,1.6478E-09,3.7607E-10,1.6592E-10,1.3980E-10,2.0348E-10,1.0571E-10,0.0000E+00
54780.0000,NaN,0.0000E+00,1.7261E-08,1.7244E-09,4.5011E-10,1.6012E-10,7.1971E-11,2.1663E-10,1.2345E-10,0.0000E+00
54781.0000,NaN,0.0000E+00,1.6670E-08,1.5690E-09,3.6148E-10,1.4793E-10,1.3252E-10,1.4444E-10,1.3665E-10,0.0000E+00
54782.0000,NaN,0.0000E+00,1.5891E-08,1.5744E-09,4.1573E-10,1.5447E-10,6.5226E-11,1.6797E-10,1.3082E-10,0.0000E+00
54783.0000,NaN,0.0000E+00,1.4886E-08,1.4068E-09,3.2058E-10,1.3163E-10,1.5869E-10,9.9820E-11,1.1932E-10,0.0000E+00
54784.0000,NaN,0.0000E+00,1.3992E-08,1.3898E-09,3.8121E-10,1.5362E-10,5.5982E-11,1.2897E-10,9.7932E-11,0.0000E+00
54785.0000,NaN,0.0000E+00,1.2996E-08,1.2140E-09,2.5902E-10,9.6511E-11,1.8558E-10,9.5530E-11,8.4566E-11,0.0000E+00
54786.0000,NaN,0.0000E+00,1.2223E-08,1.2199E-09,3.5705E-10,1.6640E-10,7.4611E-11,1.2914E-10,7.4878E-11,0.0000E+00
