"",-9.000,-8.000,-7.000,-6.000,-5.000,-4.000,-3.000,-2.000,-1.000,0.000
54421.0000,NaN,0.0000E+00,0.0000E+00,0.0000E+00,0.0000E+00,0.0000E+00,0.0000E+00,0.0000E+00,0.0000E+00,0.0000E+00
54422.0000,NaN,0.0000E+00,0.0000E+00,0.0000E+00,0.0000E+00,0.0000E+00,0.0000E+00,0.0000E+00,0.0000E+00,0.0000E+00
54423.0000,NaN,0.0000E+00,6.3764E-15,1.1898E-14,5.3536E-14,8.8293E-14,2.4467E-13,7.6313E-13,3.4829E-12,0.0000E+00
54424.0000,NaN,0.0000E+00,0.0000E+00,0.0000E+00,0.0000E+00,0.0000E+00,0.0000E+00,0.0000E+00,0.0000E+00,0.0000E+00
54425.0000,NaN,0.0000E+00,0.0000E+00,0.0000E+00,0.0000E+00,0.0000E+00,0.0000E+00,0.0000E+00,0.0000E+00,0.0000E+00
54426.0000,NaN,0.0000E+00,0.0000E+00,0.0000E+00,0.0000E+00,0.0000E+00,0.0000E+00,0.0000E+00,0.0000E+00,0.0000E+00
54427.0000,NaN,0.0000E+00,0.0000E+00,0.0000E+00,0.0000E+00,0.0000E+00,0.0000E+00,0.0000E+00,0.0000E+00,0.0000E+00
54428.0000,NaN,0.0000E+00,0.0000E+00,0.0000E+00,0.0000E+00,0.0000E+00,0.0000E+00,0.0000E+00,0.0000E+00,0.0000E+00
54429.0000,NaN,0.0000E+00,0.0000E+00,0.0000E+00,0.0000E+00,0.0000E+00,0.0000E+00,0.0000E+00,0.0000E+00,0.0000E+00
54430.0000,NaN,0.0000E+00,0.0000E+00,0.0000E+00,0.0000E+00,0.0000E+00,0.0000E+00,0.0000E+00,0.0000E+00,0.0000E+00
54431.0000,NaN,0.0000E+00,0.0000E+00,0.0000E+00,0.0000E+00,0.0000E+00,0.0000E+00,0.0000E+00,0.0000E+00,0.0000E+00
54432.0000,NaN,0.0000E+00,0.0000E+00,0.0000E+00,0.0000E+00,0.0000E+00,0.0000E+00,0.0000E+00,0.0000E+00,0.0000E+00
54433.0000,NaN,0.0000E+00,0.0000E+00,0.0000E+00,0.0000E+00,0.0000E+00,0.0000E+00,0.0000E+00,0.0000E+00,0.0000E+00
54434.0000,NaN,0.0000E+00,0.0000E+00,0.0000E+00,0.0000E+00,0.0000E+00,0.0000E+00,0.0000E+00,0.0000E+00,0.0000E+00
54435.0000,NaN,0.0000E+00,0.0000E+00,0.0000E+00,0.0000E+00,0.0000E+00,0.0000E+00,0.0000E+00,0.0000E+00,0.0000E+00
54436.0000,NaN,0.0000E+00,0.0000E+00,0.0000E+00,0.0000E+00,0.0000E+00,0.0000E+00,0.0000E+00,0.0000E+00,0.0000E+00
54437.0000,NaN,0.0000E+00,0.0000E+00,0.0000E+00,0.0000E+00,0.0000E+00,0.0000E+00,0.0000E+00,0.0000E+00,0.0000E+00
54438.0000,NaN,0.0000E+00,0.0000E+00,0.0000E+00,0.0000E+00,0.0000E+00,0.0000E+00,0.0000E+00,0.0000E+00,0.0000E+00
54439.0000,NaN,0.0000E+00,0.0000E+00,0.0000E+00,0.0000E+00,0.0000E+00,0.0000E+00,0.0000E+00,0.0000E+00,0.0000E+00
54440.0000,NaN,0.0000E+00,0.0000E+00,0.0000E+00,0.0000E+00,0.0000E+00,0.0000E+00,0.0000E+00,0.0000E+00,0.0000E+00
54441.0000,NaN,0.0000E+00,0.0000E+00,0.0000E+00,0.0000E+00,0.0000E+00,0.0000E+00,0.0000E+00,0.0000E+00,0.0000E+00
54442.0000,NaN,0.0000E+00,0.0000E+00,0.0000E+00,0.0000E+00,0.0000E+00,0.0000E+00,0.0000E+00,0.0000E+00,0.0000E+00
54443.0000,NaN,0.0000E+00,0.0000E+00,0.0000E+00,0.0000E+00,0.0000E+00,0.0000E+00,0.0000E+00,0.0000E+00,0.0000E+00
54444.0000,NaN,0.0000E+00,0.0000E+00,0.0000E+00,0.0000E+00,0.0000E+00,0.0000E+00,0.0000E+00,0.0000E+00,0.0000E+00
54445.0000,NaN,0.0000E+00,0.0000E+00,0.0000E+00,0.0000E+00,0.0000E+00,0.0000E+00,0.0000E+00,0.0000E+00,0.0000E+00
54446.0000,NaN,0.0000E+00,0.0000E+00,0.0000E+00,0.0000E+00,0.0000E+00,0.0000E+00,0.0000E+00,0.0000E+00,0.0000E+00
54447.0000,NaN,0.0000E+00,0.0000E+00,0.0000E+00,0.0000E+00,0.0000E+00,0.0000E+00,0.0000E+00,0.0000E+00,0.0000E+00
54448.0000,NaN,0.0000E+00,0.0000E+00,0.0000E+00,0.0000E+00,0.0000E+00,0.0000E+00,0.0000E+00,0.0000E+00,0.0000E+00
54449.0000,NaN,0.0000E+00,0.0000E+00,0.0000E+00,0.0000E+00,0.0000E+00,0.0000E+00,0.0000E+00,0.0000E+00,0.0000E+00
54450.0000,NaN,0.0000E+00,0.0000E+00,0.0000E+00,0.0000E+00,0.0000E+00,0.0000E+00,0.0000E+00,0.0000E+00,0.0000E+00
54451.0000,NaN,0.0000E+00,0.0000E+00,0.0000E+00,0.0000E+00,0.0000E+00,0.0000E+00,0.0000E+00,0.0000E+00,0.0000E+00
54452.0000,NaN,0.0000E+00,0.0000E+00,0.0000E+00,0.0000E+00,0.0000E+00,0.0000E+00,0.0000E+00,0.0000E+00,0.0000E+00
54453.0000,NaN,0.0000E+00,0.0000E+00,0.0000E+00,0.0000E+00,0.0000E+00,0.0000E+00,0.0000E+00,0.0000E+00,0.0000E+00
54454.0000,NaN,0.0000E+00,0.0000E+00,0.0000E+00,0.0000E+00,0.0000E+00,0.0000E+00,0.0000E+00,0.0000E+00,0.0000E+00
54455.0000,NaN,0.0000E+00,0.0000E+00,0.0000E+00,0.0000E+00,0.0000E+00,0.0000E+00,0.0000E+00,0.0000E+00,0.0000E+00
54456.0000,NaN,0.0000E+00,0.0000E+00,0.0000E+00,0.0000E+00,0.0000E+00,0.0000E+00,0.0000E+00,0.0000E+00,0.0000E+00
54457.0000,NaN,0.0000E+00,0.0000E+00,0.0000E+00,0.0000E+00,0.0000E+00,0.0000E+00,0.0000E+00,0.0000E+00,0.0000E+00
54458.0000,NaN,0.0000E+00,0.0000E+00,0.0000E+00,0.0000E+00,0.0000E+00,0.0000E+00,0.0000E+00,0.0000E+00,0.0000E+00
54459.0000,NaN,0.0000E+00,0.0000E+00,0.0000E+00,0.0000E+00,0.0000E+00,0.0000E+00,0.0000E+00,0.0000E+00,0.0000E+00
54460.0000,NaN,0.0000E+00,0.0000E+00,0.0000E+00,0.0000E+00,0.0000E+00,0.0000E+00,0.0000E+00,0.0000E+00,0.0000E+00
54461.0000,NaN,0.0000E+00,0.0000E+00,0.0000E+00,0.0000E+00,0.0000E+00,0.0000E+00,0.0000E+00,0.0000E+00,0.0000E+00
54462.0000,NaN,0.0000E+00,0.0000E+00,0.0000E+00,0.0000E+00,0.0000E+00,0.0000E+00,0.0000E+00,0.0000E+00,0.0000E+00
54463.0000,NaN,0.0000E+00,0.0000E+00,0.0000E+00,0.0000E+00,0.0000E+00,0.0000E+00,0.0000E+00,0.0000E+00,0.0000E+00
54464.0000,NaN,0.0000E+00,0.0000E+00,0.0000E+00,0.0000E+00,0.0000E+00,0.0000E+00,0.0000E+00,0.0000E+00,0.0000E+00
54465.0000,NaN,0.0000E+00,0.0000E+00,0.0000E+00,0.0000E+00,0.0000E+00,0.0000E+00,0.0000E+00,0.0000E+00,0.0000E+00
54466.0000,NaN,0.0000E+00,0.0000E+00,0.0000E+00,0.0000E+00,0.0000E+00,0.0000E+00,0.0000E+00,0.0000E+00,0.0000E+00
54467.0000,NaN,0.0000E+00,0.0000E+00,0.0000E+00,0.0000E+00,0.0000E+00,0.0000E+00,0.0000E+00,0.0000E+00,0.0000E+00
54468.0000,NaN,0.0000E+00,0.0000E+00,0.0000E+00,0.0000E+00,0.0000E+00,0.0000E+00,0.0000E+00,0.0000E+00,0.0000E+00
54469.0000,NaN,0.0000E+00,0.0000E+00,0.0000E+00,0.0000E+00,0.0000E+00,0.0000E+00,0.0000E+00,0.0000E+00,0.0000E+00
54470.0000,NaN,0.0000E+00,0.0000E+00,0.0000E+00,0.0000E+00,0.0000E+00,0.0000E+00,0.0000E+00,0.0000E+00,0.0000E+00
54471.0000,NaN,0.0000E+00,0.0000E+00,0.0000E+00,0.0000E+00,0.0000E+00,0.0000E+00,0.0000E+00,0.0000E+00,0.0000E+00
54472.0000,NaN,0.0000E+00,0.0000E+00,0.0000E+00,0.0000E+00,0.0000E+00,0.0000E+00,0.0000E+00,0.0000E+00,0.0000E+00
54473.0000,NaN,0.0000E+00,0.0000E+00,0.0000E+00,0.0000E+00,0.0000E+00,0.0000E+00,0.0000E+00,0.0000E+00,0.0000E+00
54474.0000,NaN,0.0000E+00,0.0000E+00,0.0000E+00,0.0000E+00,0.0000E+00,0.0000E+00,0.0000E+00,0.0000E+00,0.0000E+00
54475.0000,NaN,0.0000E+00,0.0000E+00,0.0000E+00,0.0000E+00,0.0000E+00,0.0000E+00,0.0000E+00,0.0000E+00,0.0000E+00
54476.0000,NaN,0.0000E+00,0.0000E+00,0.0000E+00,0.0000E+00,0.0000E+00,0.0000E+00,0.0000E+00,0.0000E+00,0.0000E+00
54477.0000,NaN,0.0000E+00,0.0000E+00,0.0000E+00,0.0000E+00,0.0000E+00,0.0000E+00,0.0000E+00,0.0000E+00,0.0000E+00
54478.0000,NaN,0.0000E+00,0.0000E+00,0.0000E+00,0.0000E+00,0.0000E+00,0.0000E+00,0.0000E+00,0.0000E+00,0.0000E+00
54479.0000,NaN,0.0000E+00,0.0000E+00,0.0000E+00,0.0000E+00,0.0000E+00,0.0000E+00,0.0000E+00,0.0000E+00,0.0000E+00
54480.0000,NaN,0.0000E+00,0.0000E+00,0.0000E+00,0.0000E+00,0.0000E+00,0.0000E+00,0.0000E+00,0.0000E+00,0.0000E+00
54481.0000,NaN,0.0000E+00,0.0000E+00,0.0000E+00,0.0000E+00,0.0000E+00,0.0000E+00,0.0000E+00,0.0000E+00,0.0000E+00
54482.0000,NaN,0.0000E+00,0.0000E+00,0.0000E+00,0.0000E+00,0.0000E+00,0.0000E+00,0.0000E+00,0.0000E+00,0.0000E+00
54483.0000,NaN,0.0000E+00,0.0000E+00,0.0000E+00,0.0000E+00,0.0000E+00,0.0000E+00,0.0000E+00,0.0000E+00,0.0000E+00
54484.0000,NaN,0.0000E+00,0.0000E+00,0.0000E+00,0.0000E+00,0.0000E+00,0.0000E+00,0.0000E+00,0.0000E+00,0.0000E+00
54485.0000,NaN,0.0000E+00,0.0000E+00,0.0000E+00,0.0000E+00,0.0000E+00,0.0000E+00,0.0000E+00,0.0000E+00,0.0000E+00
54486.0000,NaN,0.0000E+00,0.0000E+00,0.0000E+00,0.0000E+00,0.0000E+00,0.0000E+00,0.0000E+00,0.0000E+00,0.0000E+00
54487.0000,NaN,0.0000E+00,0.0000E+00,0.0000E+00,0.0000E+00,0.0000E+00,0.0000E+00,0.0000E+00,0.0000E+00,0.0000E+00
54488.0000,NaN,0.0000E+00,0.0000E+00,0.0000E+00,0.0000E+00,0.0000E+00,0.0000E+00,0.0000E+00,0.0000E+00,0.0000E+00
54489.0000,NaN,0.0000E+00,0.0000E+00,0.0000E+00,0.0000E+00,0.0000E+00,0.0000E+00,0.0000E+00,0.0000E+00,0.0000E+00
54490.0000,NaN,0.0000E+00,0.0000E+00,0.0000E+00,0.0000E+00,0.0000E+00,0.0000E+00,0.0000E+00,0.0000E+00,0.0000E+00
54491.0000,NaN,0.0000E+00,0.0000E+00,0.0000E+00,0.0000E+00,0.0000E+00,0.0000E+00,0.0000E+00,0.0000E+00,0.0000E+00
54492.0000,NaN,0.0000E+00,0.0000E+00,0.0000E+00,0.0000E+00,0.0000E+00,0.0000E+00,0.0000E+00,0.0000E+00,0.0000E+00
54493.0000,NaN,0.0000E+00,0.0000E+00,0.0000E+00,0.0000E+00,0.0000E+00,0.0000E+00,0.0000E+00,0.0000E+00,0.0000E+00
54494.0000,NaN,0.0000E+00,0.0000E+00,0.0000E+00,0.0000E+00,0.0000E+00,0.0000E+00,0.0000E+00,0.0000E+00,0.0000E+00
54495.0000,NaN,0.0000E+00,0.0000E+00,0.0000E+00,0.0000E+00,0.0000E+00,0.0000E+00,0.0000E+00,0.0000E+00,0.0000E+00
54496.0000,NaN,0.0000E+00,0.0000E+00,0.0000E+00,0.0000E+00,0.0000E+00,0.0000E+00,0.0000E+00,0.0000E+00,0.0000E+00
54497.0000,NaN,0.0000E+00,0.0000E+00,0.0000E+00,0.0000E+00,0.0000E+00,0.0000E+00,0.0000E+00,0.0000E+00,0.0000E+00
54498.0000,NaN,0.0000E+00,0.0000E+00,0.0000E+00,0.0000E+00,0.0000E+00,0.0000E+00,0.0000E+00,0.0000E+00,0.0000E+00
54499.0000,NaN,0.0000E+00,0.0000E+00,0.0000E+00,0.0000E+00,0.0000E+00,0.0000E+00,0.0000E+00,0.0000E+00,0.0000E+00
54500.0000,NaN,0.0000E+00,0.0000E+00,0.0000E+00,0.0000E+00,0.0000E+00,0.0000E+00,0.0000E+00,0.0000E+00,0.0000E+00
54501.0000,NaN,0.0000E+00,0.0000E+00,0.0000E+00,0.0000E+00,0.0000E+00,0.0000E+00,0.0000E+00,0.0000E+00,0.0000E+00
54502.0000,NaN,0.0000E+00,0.0000E+00,0.0000E+00,0.0000E+00,0.0000E+00,0.0000E+00,0.0000E+00,0.0000E+00,0.0000E+00
54503.0000,NaN,0.0000E+00,0.0000E+00,0.0000E+00,0.0000E+00,0.0000E+00,0.0000E+00,0.0000E+00,0.0000E+00,0.0000E+00
54504.0000,NaN,0.0000E+00,0.0000E+00,0.0000E+00,0.0000E+00,0.0000E+00,0.0000E+00,0.0000E+00,0.0000E+00,0.0000E+00
54505.0000,NaN,0.0000E+00,0.0000E+00,0.0000E+00,0.0000E+00,0.0000E+00,0.0000E+00,0.0000E+00,0.0000E+00,0.0000E+00
54506.0000,NaN,0.0000E+00,0.0000E+00,0.0000E+00,0.0000E+00,0.0000E+00,0.0000E+00,0.0000E+00,0.0000E+00,0.0000E+00
54507.0000,NaN,0.0000E+00,0.0000E+00,0.0000E+00,0.0000E+00,0.0000E+00,0.0000E+00,0.0000E+00,0.0000E+00,0.0000E+00
54508.0000,NaN,0.0000E+00,0.0000E+00,0.0000E+00,0.0000E+00,0.0000E+00,0.0000E+00,0.0000E+00,0.0000E+00,0.0000E+00
54509.0000,NaN,0.0000E+00,0.0000E+00,0.0000E+00,0.0000E+00,0.0000E+00,0.0000E+00,0.0000E+00,0.0000E+00,0.0000E+00
54510.0000,NaN,0.0000E+00,0.0000E+00,0.0000E+00,0.0000E+00,0.0000E+00,0.0000E+00,0.0000E+00,0.0000E+00,0.0000E+00
54511.0000,NaN,0.0000E+00,0.0000E+00,0.0000E+00,0.0000E+00,0.0000E+00,0.0000E+00,0.0000E+00,0.0000E+00,0.0000E+00
54512.0000,NaN,0.0000E+00,0.0000E+00,0.0000E+00,0.0000E+00,0.0000E+00,0.0000E+00,0.0000E+00,0.0000E+00,0.0000E+00
54513.0000,NaN,0.0000E+00,0.0000E+00,0.0000E+00,0.0000E+00,0.0000E+00,0.0000E+00,0.0000E+00,0.0000E+00,0.0000E+00
54514.0000,NaN,0.0000E+00,0.0000E+00,0.0000E+00,0.0000E+00,0.0000E+00,0.0000E+00,0.0000E+00,0.0000E+00,0.0000E+00
54515.0000,NaN,0.0000E+00,0.0000E+00,0.0000E+00,0.0000E+00,0.0000E+00,0.0000E+00,0.0000E+00,0.0000E+00,0.0000E+00
54516.0000,NaN,0.0000E+00,0.0000E+00,0.0000E+00,0.0000E+00,0.0000E+00,0.0000E+00,0.0000E+00,0.0000E+00,0.0000E+00
54517.0000,NaN,0.0000E+00,0.0000E+00,0.0000E+00,0.0000E+00,0.0000E+00,0.0000E+00,0.0000E+00,0.0000E+00,0.0000E+00
54518.0000,NaN,0.0000E+00,0.0000E+00,0.0000E+00,0.0000E+00,0.0000E+00,0.0000E+00,0.0000E+00,0.0000E+00,0.0000E+00
54519.0000,NaN,0.0000E+00,0.0000E+00,0.0000E+00,0.0000E+00,0.0000E+00,0.0000E+00,0.0000E+00,0.0000E+00,0.0000E+00
54520.0000,NaN,0.0000E+00,0.0000E+00,0.0000E+00,0.0000E+00,0.0000E+00,0.0000E+00,0.0000E+00,0.0000E+00,0.0000E+00
54521.0000,NaN,0.0000E+00,0.0000E+00,0.0000E+00,0.0000E+00,0.0000E+00,0.0000E+00,0.0000E+00,0.0000E+00,0.0000E+00
54522.0000,NaN,0.0000E+00,0.0000E+00,0.0000E+00,0.0000E+00,0.0000E+00,0.0000E+00,0.0000E+00,0.0000E+00,0.0000E+00
54523.0000,NaN,0.0000E+00,0.0000E+00,0.0000E+00,0.0000E+00,0.0000E+00,0.0000E+00,0.0000E+00,0.0000E+00,0.0000E+00
54524.0000,NaN,0.0000E+00,0.0000E+00,0.0000E+00,0.0000E+00,0.0000E+00,0.0000E+00,0.0000E+00,0.0000E+00,0.0000E+00
54525.0000,NaN,0.0000E+00,0.0000E+00,0.0000E+00,0.0000E+00,0.0000E+00,0.0000E+00,0.0000E+00,0.0000E+00,0.0000E+00
54526.0000,NaN,0.0000E+00,0.0000E+00,0.0000E+00,0.0000E+00,0.0000E+00,0.0000E+00,0.0000E+00,0.0000E+00,0.0000E+00
54527.0000,NaN,0.0000E+00,0.0000E+00,0.0000E+00,0.0000E+00,0.0000E+00,0.0000E+00,0.0000E+00,0.0000E+00,0.0000E+00
54528.0000,NaN,0.0000E+00,0.0000E+00,0.0000E+00,0.0000E+00,0.0000E+00,0.0000E+00,0.0000E+00,0.0000E+00,0.0000E+00
54529.0000,NaN,0.0000E+00,0.0000E+00,0.0000E+00,0.0000E+00,0.0000E+00,0.0000E+00,0.0000E+00,0.0000E+00,0.0000E+00
54530.0000,NaN,0.0000E+00,0.0000E+00,0.0000E+00,0.0000E+00,0.0000E+00,0.0000E+00,0.0000E+00,0.0000E+00,0.0000E+00
54531.0000,NaN,0.0000E+00,0.0000E+00,0.0000E+00,0.0000E+00,0.0000E+00,0.0000E+00,0.0000E+00,0.0000E+00,0.0000E+00
54532.0000,NaN,0.0000E+00,0.0000E+00,0.0000E+00,0.0000E+00,0.0000E+00,0.0000E+00,0.0000E+00,0.0000E+00,0.0000E+00
54533.0000,NaN,0.0000E+00,0.0000E+00,0.0000E+00,0.0000E+00,0.0000E+00,0.0000E+00,0.0000E+00,0.0000E+00,0.0000E+00
54534.0000,NaN,0.0000E+00,0.0000E+00,0.0000E+00,0.0000E+00,0.0000E+00,0.0000E+00,0.0000E+00,0.0000E+00,0.0000E+00
54535.0000,NaN,0.0000E+00,0.0000E+00,0.0000E+00,0.0000E+00,0.0000E+00,0.0000E+00,0.0000E+00,0.0000E+00,0.0000E+00
54536.0000,NaN,0.0000E+00,0.0000E+00,0.0000E+00,0.0000E+00,0.0000E+00,0.0000E+00,0.0000E+00,0.0000E+00,0.0000E+00
54537.0000,NaN,0.0000E+00,0.0000E+00,0.0000E+00,0.0000E+00,0.0000E+00,0.0000E+00,0.0000E+00,0.0000E+00,0.0000E+00
54538.0000,NaN,0.0000E+00,0.0000E+00,0.0000E+00,0.0000E+00,0.0000E+00,0.0000E+00,0.0000E+00,0.0000E+00,0.0000E+00
54539.0000,NaN,0.0000E+00,0.0000E+00,0.0000E+00,0.0000E+00,0.0000E+00,0.0000E+00,0.0000E+00,0.0000E+00,0.0000E+00
54540.0000,NaN,0.0000E+00,0.0000E+00,0.0000E+00,0.0000E+00,0.0000E+00,0.0000E+00,0.0000E+00,0.0000E+00,0.0000E+00
54541.0000,NaN,0.0000E+00,0.0000E+00,0.0000E+00,0.0000E+00,0.0000E+00,0.0000E+00,0.0000E+00,0.0000E+00,0.0000E+00
54542.0000,NaN,0.0000E+00,0.0000E+00,0.0000E+00,0.0000E+00,0.0000E+00,0.0000E+00,0.0000E+00,0.0000E+00,0.0000E+00
54543.0000,NaN,0.0000E+00,0.0000E+00,0.0000E+00,0.0000E+00,0.0000E+00,0.0000E+00,0.0000E+00,0.0000E+00,0.0000E+00
54544.0000,NaN,0.0000E+00,0.0000E+00,0.0000E+00,0.0000E+00,0.0000E+00,0.0000E+00,0.0000E+00,0.0000E+00,0.0000E+00
54545.0000,NaN,0.0000E+00,0.0000E+00,0.0000E+00,0.0000E+00,0.0000E+00,0.0000E+00,0.0000E+00,0.0000E+00,0.0000E+00
54546.0000,NaN,0.0000E+00,0.0000E+00,0.0000E+00,0.0000E+00,0.0000E+00,0.0000E+00,0.0000E+00,0.0000E+00,0.0000E+00
54547.0000,NaN,0.0000E+00,0.0000E+00,0.0000E+00,0.0000E+00,0.0000E+00,0.0000E+00,0.0000E+00,0.0000E+00,0.0000E+00
54548.0000,NaN,0.0000E+00,0.0000E+00,0.0000E+00,0.0000E+00,0.0000E+00,0.0000E+00,0.0000E+00,0.0000E+00,0.0000E+00
54549.0000,NaN,0.0000E+00,0.0000E+00,0.0000E+00,0.0000E+00,0.0000E+00,0.0000E+00,0.0000E+00,0.0000E+00,0.0000E+00
54550.0000,NaN,0.0000E+00,8.3626E-12,2.1101E-11,3.9056E-11,9.5336E-10,8.0348E-09,2.4774E-08,0.0000E+00,0.0000E+00
54551.0000,NaN,0.0000E+00,2.5872E-12,4.5166E-12,9.5109E-11,7.2503E-10,6.1321E-09,1.8179E-08,1.5957E-09,0.0000E+00
54552.0000,NaN,0.0000E+00,1.4995E-12,6.0559E-12,1.7023E-11,1.2977E-10,8.7315E-10,2.8971E-09,4.1367E-10,0.0000E+00
54553.0000,NaN,0.0000E+00,6.0123E-12,8.1925E-12,9.8855E-11,2.6805E-10,1.6740E-09,6.1985E-09,1.0630E-09,0.0000E+00
54554.0000,NaN,0.0000E+00,1.3162E-12,2.8986E-11,4.0706E-11,6.3699E-10,3.1084E-09,1.1552E-08,7.3461E-10,0.0000E+00
54555.0000,NaN,0.0000E+00,2.3673E-13,6.1057E-13,1.5381E-11,2.7172E-11,1.3937E-10,5.6937E-10,7.3625E-11,0.0000E+00
54556.0000,NaN,0.0000E+00,2.8004E-12,2.4350E-11,6.1229E-10,4.6561E-10,2.6787E-09,1.1384E-08,4.4770E-10,0.0000E+00
54557.0000,NaN,0.0000E+00,1.4153E-11,3.9710E-11,5.1822E-10,2.3683E-10,2.1549E-09,9.5551E-09,3.1968E-10,0.0000E+00
54558.0000,NaN,0.0000E+00,1.5900E-12,9.6998E-12,5.8146E-11,3.8971E-11,3.5139E-10,1.5677E-09,3.7769E-11,0.0000E+00
54559.0000,NaN,0.0000E+00,4.8218E-11,2.0469E-10,4.6903E-10,1.5782E-10,4.2714E-09,2.0432E-08,7.6162E-10,0.0000E+00
54560.0000,NaN,0.0000E+00,0.0000E+00,0.0000E+00,0.0000E+00,0.0000E+00,0.0000E+00,0.0000E+00,0.0000E+00,0.0000E+00
54561.0000,NaN,0.0000E+00,6.4621E-12,5.4826E-11,5.8147E-11,3.0670E-11,8.1546E-10,4.3645E-09,1.0800E-10,0.0000E+00
54562.0000,NaN,0.0000E+00,8.6540E-12,5.8701E-11,2.4309E-11,2.2852E-10,1.5543E-09,7.6816E-09,7.6865E-10,0.0000E+00
54563.0000,NaN,0.0000E+00,6.6426E-12,1.0176E-10,2.5989E-10,6.8207E-11,1.7082E-09,9.8118E-09,1.1991E-10,0.0000E+00
54564.0000,NaN,0.0000E+00,1.1897E-11,1.2571E-10,3.6085E-10,1.1094E-09,6.0412E-09,3.4115E-08,1.2791E-09,0.0000E+00
54565.0000,NaN,0.0000E+00,0.0000E+00,0.0000E+00,0.0000E+00,0.0000E+00,0.0000E+00,0.0000E+00,0.0000E+00,0.0000E+00
54566.0000,NaN,0.0000E+00,1.4105E-11,1.3159E-10,3.2448E-10,7.8176E-10,7.2131E-09,4.5413E-08,0.0000E+00,0.0000E+00
54567.0000,NaN,0.0000E+00,0.0000E+00,0.0000E+00,0.0000E+00,0.0000E+00,0.0000E+00,0.0000E+00,0.0000E+00,0.0000E+00
54568.0000,NaN,0.0000E+00,2.4877E-12,3.7714E-11,5.1944E-11,2.0284E-10,1.5940E-09,7.7706E-09,0.0000E+00,0.0000E+00
54569.0000,NaN,0.0000E+00,6.1824E-12,1.0453E-10,5.7119E-11,4.1406E-10,2.9665E-09,1.2594E-08,0.0000E+00,0.0000E+00
54570.0000,NaN,0.0000E+00,3.2004E-12,1.6799E-10,8.6827E-11,1.3441E-09,5.2121E-09,1.8389E-08,0.0000E+00,0.0000E+00
54571.0000,NaN,0.0000E+00,3.6846E-12,1.0825E-10,5.9134E-11,3.4323E-10,1.7037E-09,3.5913E-09,0.0000E+00,0.0000E+00
54572.0000,NaN,0.0000E+00,5.8210E-12,4.7937E-11,1.5837E-11,6.6049E-10,2.1531E-09,4.9670E-09,2.4355E-13,0.0000E+00
54573.0000,NaN,0.0000E+00,5.0511E-12,5.6691E-10,6.8705E-10,1.3180E-09,4.0993E-09,1.2414E-08,0.0000E+00,0.0000E+00
54574.0000,NaN,0.0000E+00,4.2718E-11,4.6669E-10,3.9716E-11,4.7815E-09,7.9327E-09,2.2699E-08,0.0000E+00,0.0000E+00
54575.0000,NaN,0.0000E+00,9.8010E-12,2.6533E-10,2.8313E-09,3.7797E-09,5.1153E-09,7.4535E-09,0.0000E+00,0.0000E+00
54576.0000,NaN,0.0000E+00,0.0000E+00,0.0000E+00,0.0000E+00,0.0000E+00,0.0000E+00,0.0000E+00,0.0000E+00,0.0000E+00
54577.0000,NaN,0.0000E+00,2.1410E-11,3.1827E-10,1.9355E-09,1.3476E-09,1.2570E-09,7.3208E-09,9.9257E-12,0.0000E+00
54578.0000,NaN,0.0000E+00,1.6657E-11,3.5110E-10,2.9534E-10,4.7562E-09,8.4205E-09,8.4792E-09,0.0000E+00,0.0000E+00
54579.0000,NaN,0.0000E+00,7.9242E-12,8.4785E-11,1.1465E-09,3.6080E-10,1.8723E-09,4.7323E-10,0.0000E+00,0.0000E+00
54580.0000,NaN,0.0000E+00,7.8409E-12,1.3076E-10,2.1570E-10,8.8753E-09,5.6846E-09,5.6468E-09,0.0000E+00,0.0000E+00
54581.0000,NaN,0.0000E+00,8.1842E-12,7.2875E-11,1.0648E-09,2.1467E-10,5.5258E-10,2.3044E-10,0.0000E+00,0.0000E+00
54582.0000,NaN,0.0000E+00,3.2053E-11,3.0415E-10,6.8760E-10,9.3544E-09,1.0559E-08,7.2555E-09,2.3958E-12,0.0000E+00
54583.0000,NaN,0.0000E+00,9.9318E-12,2.2714E-10,1.9345E-09,1.2985E-09,1.8846E-09,9.7516E-11,0.0000E+00,0.0000E+00
54584.0000,NaN,0.0000E+00,2.2088E-10,6.0615E-09,1.4458E-08,5.0677E-08,3.6839E-08,0.0000E+00,0.0000E+00,0.0000E+00
54585.0000,NaN,0.0000E+00,0.0000E+00,0.0000E+00,0.0000E+00,0.0000E+00,0.0000E+00,0.0000E+00,0.0000E+00,0.0000E+00
54586.0000,NaN,0.0000E+00,5.6092E-11,3.2545E-09,2.3955E-09,7.7471E-09,1.0521E-08,3.0768E-11,0.0000E+00,0.0000E+00
54587.0000,NaN,0.0000E+00,4.8307E-11,1.8719E-09,4.1260E-09,5.1516E-09,6.1868E-09,4.8353E-10,1.6677E-09,0.0000E+00
54588.0000,NaN,0.0000E+00,1.5823E-11,9.4867E-10,3.5569E-10,2.4640E-09,4.0314E-09,2.4116E-09,1.0648E-09,0.0000E+00
54589.0000,NaN,0.0000E+00,4.1028E-11,1.9920E-09,4.1928E-09,4.4581E-09,9.3285E-09,8.0970E-09,3.6989E-09,0.0000E+00
54590.0000,NaN,0.0000E+00,7.2180E-10,1.6917E-08,2.5569E-08,6.0113E-08,1.1647E-07,6.7105E-08,0.0000E+00,0.0000E+00
54591.0000,NaN,0.0000E+00,0.0000E+00,0.0000E+00,0.0000E+00,0.0000E+00,0.0000E+00,0.0000E+00,0.0000E+00,0.0000E+00
54592.0000,NaN,0.0000E+00,5.2190E-10,7.0130E-09,1.1610E-08,2.0566E-08,9.1412E-09,3.4961E-10,2.6214E-12,0.0000E+00
54593.0000,NaN,0.0000E+00,0.0000E+00,0.0000E+00,0.0000E+00,0.0000E+00,0.0000E+00,0.0000E+00,0.0000E+00,0.0000E+00
54594.0000,NaN,0.0000E+00,1.1434E-11,1.0775E-10,3.4671E-10,4.7887E-09,8.1852E-09,6.5480E-09,2.2075E-09,0.0000E+00
54595.0000,NaN,0.0000E+00,2.5974E-10,8.8767E-10,1.7254E-10,1.3823E-10,7.8877E-10,1.3963E-10,1.9590E-10,0.0000E+00
54596.0000,NaN,0.0000E+00,1.0850E-09,1.9250E-09,3.7946E-10,7.7899E-09,1.5707E-08,2.7490E-08,1.6550E-10,0.0000E+00
54597.0000,NaN,0.0000E+00,9.6699E-10,2.9564E-09,2.7301E-09,4.2260E-09,7.0656E-09,4.2415E-09,0.0000E+00,0.0000E+00
54598.0000,NaN,0.0000E+00,5.8905E-10,1.5853E-09,4.8544E-10,4.9933E-09,1.9482E-08,1.7164E-09,0.0000E+00,0.0000E+00
54599.0000,NaN,0.0000E+00,1.1800E-10,2.6957E-10,4.7609E-10,1.1354E-09,2.2845E-08,5.2504E-10,3.6028E-11,0.0000E+00
54600.0000,NaN,0.0000E+00,2.5295E-10,9.1710E-10,3.4596E-10,4.0434E-09,5.0742E-08,2.4548E-09,4.9373E-13,0.0000E+00
54601.0000,NaN,0.0000E+00,1.2628E-11,2.6687E-11,6.4593E-11,9.8103E-11,6.4996E-09,2.3988E-11,0.0000E+00,0.0000E+00
54602.0000,NaN,0.0000E+00,1.2126E-10,5.8297E-10,2.6265E-10,1.0377E-08,9.4545E-08,0.0000E+00,0.0000E+00,0.0000E+00
54603.0000,NaN,0.0000E+00,0.0000E+00,0.0000E+00,0.0000E+00,0.0000E+00,0.0000E+00,0.0000E+00,0.0000E+00,0.0000E+00
54604.0000,NaN,0.0000E+00,5.4281E-10,1.3858E-09,7.7441E-10,6.2205E-08,4.3785E-08,1.6242E-10,5.9951E-12,0.0000E+00
54605.0000,NaN,0.0000E+00,1.0414E-10,1.4321E-10,8.7013E-10,5.4441E-10,2.1166E-08,1.8588E-09,3.5638E-10,0.0000E+00
54606.0000,NaN,0.0000E+00,7.8325E-11,2.0089E-10,1.4246E-10,2.9305E-08,2.3655E-08,3.3764E-10,0.0000E+00,0.0000E+00
54607.0000,NaN,0.0000E+00,1.7575E-09,2.1906E-09,2.7772E-08,1.9339E-08,2.9116E-08,0.0000E+00,0.0000E+00,0.0000E+00
54608.0000,NaN,0.0000E+00,0.0000E+00,0.0000E+00,0.0000E+00,0.0000E+00,0.0000E+00,0.0000E+00,0.0000E+00,0.0000E+00
54609.0000,NaN,0.0000E+00,6.8044E-10,2.4428E-09,1.7338E-07,7.5627E-09,0.0000E+00,0.0000E+00,0.0000E+00,0.0000E+00
54610.0000,NaN,0.0000E+00,3.1450E-08,3.1450E-08,3.1450E-08,3.1450E-08,3.1450E-08,3.1450E-08,3.1450E-08,0.0000E+00
54611.0000,NaN,0.0000E+00,3.5085E-08,3.5085E-08,3.5085E-08,3.5085E-08,3.5085E-08,3.5085E-08,3.5085E-08,0.0000E+00
54612.0000,NaN,0.0000E+00,2.4770E-09,3.5065E-09,2.0106E-08,1.1772E-08,3.5464E-08,4.3812E-09,1.4647E-10,0.0000E+00
54613.0000,NaN,0.0000E+00,1.5547E-08,1.5547E-08,1.5547E-08,1.5547E-08,1.5547E-08,1.5547E-08,1.5547E-08,0.0000E+00
54614.0000,NaN,0.0000E+00,4.5399E-09,8.9167E-09,1.5948E-08,1.1094E-08,1.1735E-08,7.3714E-09,1.1745E-09,0.0000E+00
54615.0000,NaN,0.0000E+00,8.5030E-08,8.5030E-08,8.5030E-08,8.5030E-08,8.5030E-08,8.5030E-08,8.5030E-08,0.0000E+00
54616.0000,NaN,0.0000E+00,0.0000E+00,0.0000E+00,0.0000E+00,0.0000E+00,0.0000E+00,0.0000E+00,0.0000E+00,0.0000E+00
54617.0000,NaN,0.0000E+00,1.7961E-07,1.7961E-07,1.7961E-07,1.7961E-07,1.7961E-07,1.7961E-07,1.7961E-07,0.0000E+00
54618.0000,NaN,0.0000E+00,0.0000E+00,0.0000E+00,0.0000E+00,0.0000E+00,0.0000E+00,0.0000E+00,0.0000E+00,0.0000E+00
54619.0000,NaN,0.0000E+00,8.8521E-08,8.8521E-08,8.8521E-08,8.8521E-08,8.8521E-08,8.8521E-08,8.8521E-08,0.0000E+00
54620.0000,NaN,0.0000E+00,5.5138E-09,1.6430E-08,3.0271E-09,3.1191E-10,0.0000E+00,0.0000E+00,0.0000E+00,0.0000E+00
54621.0000,NaN,0.0000E+00,7.5830E-08,7.5830E-08,7.5830E-08,7.5830E-08,7.5830E-08,7.5830E-08,7.5830E-08,0.0000E+00
54622.0000,NaN,0.0000E+00,1.8995E-09,1.8995E-09,1.8995E-09,1.8995E-09,1.8995E-09,1.8995E-09,1.8995E-09,0.0000E+00
54623.0000,NaN,0.0000E+00,8.0552E-08,8.0552E-08,8.0552E-08,8.0552E-08,8.0552E-08,8.0552E-08,8.0552E-08,0.0000E+00
54624.0000,NaN,0.0000E+00,6.6138E-08,7.1278E-08,1.5849E-08,4.8068E-09,3.1405E-09,1.8853E-09,4.2257E-11,0.0000E+00
54625.0000,NaN,0.0000E+00,9.6885E-08,4.8743E-08,0.0000E+00,0.0000E+00,0.0000E+00,0.0000E+00,0.0000E+00,0.0000E+00
54626.0000,NaN,0.0000E+00,2.6410E-09,1.8484E-09,2.0077E-09,2.5439E-09,1.2100E-09,0.0000E+00,0.0000E+00,0.0000E+00
54627.0000,NaN,0.0000E+00,1.2884E-06,0.0000E+00,0.0000E+00,0.0000E+00,0.0000E+00,0.0000E+00,0.0000E+00,0.0000E+00
54628.0000,NaN,0.0000E+00,0.0000E+00,0.0000E+00,0.0000E+00,0.0000E+00,0.0000E+00,0.0000E+00,0.0000E+00,0.0000E+00
54629.0000,NaN,0.0000E+00,4.8076E-09,1.4892E-08,7.9759E-09,1.3017E-08,7.4671E-09,1.4622E-09,4.6824E-10,0.0000E+00
54630.0000,NaN,0.0000E+00,6.9250E-11,1.1475E-11,1.3885E-11,2.7493E-11,1.7981E-11,7.7746E-12,8.9597E-13,0.0000E+00
54631.0000,NaN,0.0000E+00,3.9120E-09,8.8689E-08,1.7024E-07,0.0000E+00,0.0000E+00,0.0000E+00,0.0000E+00,0.0000E+00
54632.0000,NaN,0.0000E+00,0.0000E+00,0.0000E+00,0.0000E+00,0.0000E+00,0.0000E+00,0.0000E+00,0.0000E+00,0.0000E+00
54633.0000,NaN,0.0000E+00,7.5133E-08,7.5133E-08,7.5133E-08,7.5133E-08,7.5133E-08,7.5133E-08,7.5133E-08,0.0000E+00
54634.0000,NaN,0.0000E+00,0.0000E+00,0.0000E+00,0.0000E+00,0.0000E+00,0.0000E+00,0.0000E+00,0.0000E+00,0.0000E+00
54635.0000,NaN,0.0000E+00,0.0000E+00,0.0000E+00,7.6270E-09,1.4016E-09,7.4221E-09,0.0000E+00,0.0000E+00,0.0000E+00
54636.0000,NaN,0.0000E+00,3.6577E-09,8.3052E-10,9.8757E-10,8.2867E-09,1.0880E-09,0.0000E+00,0.0000E+00,0.0000E+00
54637.0000,NaN,0.0000E+00,8.4793E-09,8.4793E-09,8.4793E-09,8.4793E-09,8.4793E-09,8.4793E-09,8.4793E-09,0.0000E+00
54638.0000,NaN,0.0000E+00,4.1414E-08,4.1414E-08,4.1414E-08,4.1414E-08,4.1414E-08,4.1414E-08,4.1414E-08,0.0000E+00
54639.0000,NaN,0.0000E+00,3.8622E-08,3.8622E-08,3.8622E-08,3.8622E-08,3.8622E-08,3.8622E-08,3.8622E-08,0.0000E+00
54640.0000,NaN,0.0000E+00,0.0000E+00,0.0000E+00,0.0000E+00,0.0000E+00,0.0000E+00,0.0000E+00,0.0000E+00,0.0000E+00
54641.0000,NaN,0.0000E+00,1.8784E-10,1.5526E-10,1.8799E-10,3.3238E-10,1.8800E-09,1.4504E-09,6.1012E-10,0.0000E+00
54642.0000,NaN,0.0000E+00,4.0649E-11,4.9456E-10,1.2915E-09,5.4398E-09,5.0862E-09,2.2333E-09,0.0000E+00,0.0000E+00
54643.0000,NaN,0.0000E+00,1.4132E-10,1.9775E-09,4.7622E-09,2.6832E-08,1.0741E-08,6.0189E-11,0.0000E+00,0.0000E+00
54644.0000,NaN,0.0000E+00,3.2291E-09,5.5584E-08,1.3121E-07,0.0000E+00,0.0000E+00,0.0000E+00,0.0000E+00,0.0000E+00
54645.0000,NaN,0.0000E+00,0.0000E+00,0.0000E+00,0.0000E+00,0.0000E+00,0.0000E+00,0.0000E+00,0.0000E+00,0.0000E+00
54646.0000,NaN,0.0000E+00,5.0678E-08,5.0678E-08,5.0678E-08,5.0678E-08,5.0678E-08,5.0678E-08,5.0678E-08,0.0000E+00
54647.0000,NaN,0.0000E+00,0.0000E+00,0.0000E+00,0.0000E+00,0.0000E+00,0.0000E+00,0.0000E+00,0.0000E+00,0.0000E+00
54648.0000,NaN,0.0000E+00,2.6116E-09,3.0366E-08,1.2341E-07,1.0487E-08,1.0031E-09,5.7523E-10,1.2055E-10,0.0000E+00
54649.0000,NaN,0.0000E+00,6.6631E-11,4.6143E-10,9.2051E-10,1.1392E-09,1.2237E-09,0.0000E+00,0.0000E+00,0.0000E+00
54650.0000,NaN,0.0000E+00,8.8730E-10,7.2918E-09,4.0932E-08,5.0510E-08,0.0000E+00,0.0000E+00,0.0000E+00,0.0000E+00
54651.0000,NaN,0.0000E+00,4.0834E-08,4.0834E-08,4.0834E-08,4.0834E-08,4.0834E-08,4.0834E-08,4.0834E-08,0.0000E+00
54652.0000,NaN,0.0000E+00,1.4999E-08,1.4999E-08,1.4999E-08,1.4999E-08,1.4999E-08,1.4999E-08,1.4999E-08,0.0000E+00
54653.0000,NaN,0.0000E+00,3.8307E-08,3.8307E-08,3.8307E-08,3.8307E-08,3.8307E-08,3.8307E-08,3.8307E-08,0.0000E+00
54654.0000,NaN,0.0000E+00,7.8490E-08,2.3199E-08,5.0909E-08,2.7762E-08,1.4550E-08,6.8074E-09,0.0000E+00,0.0000E+00
54655.0000,NaN,0.0000E+00,1.5414E-08,1.5414E-08,1.5414E-08,1.5414E-08,1.5414E-08,1.5414E-08,1.5414E-08,0.0000E+00
54656.0000,NaN,0.0000E+00,1.9440E-08,1.9440E-08,1.9440E-08,1.9440E-08,1.9440E-08,1.9440E-08,1.9440E-08,0.0000E+00
54657.0000,NaN,0.0000E+00,8.1503E-08,8.1503E-08,8.1503E-08,8.1503E-08,8.1503E-08,8.1503E-08,8.1503E-08,0.0000E+00
54658.0000,NaN,0.0000E+00,1.2063E-08,1.2063E-08,1.2063E-08,1.2063E-08,1.2063E-08,1.2063E-08,1.2063E-08,0.0000E+00
54659.0000,NaN,0.0000E+00,1.8551E-08,1.8551E-08,1.8551E-08,1.8551E-08,1.8551E-08,1.8551E-08,1.8551E-08,0.0000E+00
54660.0000,NaN,0.0000E+00,1.3064E-09,1.3064E-09,1.3064E-09,1.3064E-09,1.3064E-09,1.3064E-09,1.3064E-09,0.0000E+00
54661.0000,NaN,0.0000E+00,8.9600E-09,8.9600E-09,8.9600E-09,8.9600E-09,8.9600E-09,8.9600E-09,8.9600E-09,0.0000E+00
54662.0000,NaN,0.0000E+00,2.7391E-08,2.7391E-08,2.7391E-08,2.7391E-08,2.7391E-08,2.7391E-08,2.7391E-08,0.0000E+00
54663.0000,NaN,0.0000E+00,1.5782E-08,1.5782E-08,1.5782E-08,1.5782E-08,1.5782E-08,1.5782E-08,1.5782E-08,0.0000E+00
54664.0000,NaN,0.0000E+00,4.2465E-08,4.2465E-08,4.2465E-08,4.2465E-08,4.2465E-08,4.2465E-08,4.2465E-08,0.0000E+00
54665.0000,NaN,0.0000E+00,1.5486E-09,1.5486E-09,1.5486E-09,1.5486E-09,1.5486E-09,1.5486E-09,1.5486E-09,0.0000E+00
54666.0000,NaN,0.0000E+00,5.9471E-09,1.2056E-08,1.5633E-08,1.0210E-08,1.3483E-09,0.0000E+00,0.0000E+00,0.0000E+00
54667.0000,NaN,0.0000E+00,4.6061E-10,6.3366E-09,1.0860E-08,1.1676E-08,0.0000E+00,0.0000E+00,0.0000E+00,0.0000E+00
54668.0000,NaN,0.0000E+00,5.8655E-10,4.1365E-09,7.2131E-09,7.5652E-09,0.0000E+00,0.0000E+00,0.0000E+00,0.0000E+00
54669.0000,NaN,0.0000E+00,1.0260E-09,5.9355E-09,1.0804E-08,6.8665E-09,0.0000E+00,0.0000E+00,0.0000E+00,0.0000E+00
54670.0000,NaN,0.0000E+00,1.6355E-09,1.1224E-08,2.1085E-08,1.6005E-08,9.1200E-09,3.3137E-10,0.0000E+00,0.0000E+00
54671.0000,NaN,0.0000E+00,4.3215E-09,4.2651E-08,7.9344E-08,3.9768E-08,0.0000E+00,0.0000E+00,0.0000E+00,0.0000E+00
54672.0000,NaN,0.0000E+00,4.3904E-09,4.7043E-08,6.0031E-08,0.0000E+00,0.0000E+00,0.0000E+00,0.0000E+00,0.0000E+00
54673.0000,NaN,0.0000E+00,6.8163E-08,6.8163E-08,6.8163E-08,6.8163E-08,6.8163E-08,6.8163E-08,6.8163E-08,0.0000E+00
54674.0000,NaN,0.0000E+00,0.0000E+00,0.0000E+00,0.0000E+00,0.0000E+00,0.0000E+00,0.0000E+00,0.0000E+00,0.0000E+00
54675.0000,NaN,0.0000E+00,8.7635E-08,8.7635E-08,8.7635E-08,8.7635E-08,8.7635E-08,8.7635E-08,8.7635E-08,0.0000E+00
54676.0000,NaN,0.0000E+00,0.0000E+00,0.0000E+00,0.0000E+00,0.0000E+00,0.0000E+00,0.0000E+00,0.0000E+00,0.0000E+00
54677.0000,NaN,0.0000E+00,1.4339E-08,2.9945E-08,3.2962E-08,2.4438E-08,5.0934E-09,0.0000E+00,0.0000E+00,0.0000E+00
54678.0000,NaN,0.0000E+00,2.0763E-07,2.0763E-07,2.0763E-07,2.0763E-07,2.0763E-07,2.0763E-07,2.0763E-07,0.0000E+00
54679.0000,NaN,0.0000E+00,0.0000E+00,0.0000E+00,0.0000E+00,0.0000E+00,0.0000E+00,0.0000E+00,0.0000E+00,0.0000E+00
54680.0000,NaN,0.0000E+00,3.1481E-08,3.1481E-08,3.1481E-08,3.1481E-08,3.1481E-08,3.1481E-08,3.1481E-08,0.0000E+00
54681.0000,NaN,0.0000E+00,1.9293E-10,2.1409E-10,2.3163E-10,4.6471E-10,3.4340E-09,6.8598E-09,0.0000E+00,0.0000E+00
54682.0000,NaN,0.0000E+00,2.0455E-09,5.9090E-09,1.7516E-08,1.4293E-08,4.0580E-08,0.0000E+00,0.0000E+00,0.0000E+00
54683.0000,NaN,0.0000E+00,0.0000E+00,0.0000E+00,0.0000E+00,0.0000E+00,0.0000E+00,0.0000E+00,0.0000E+00,0.0000E+00
54684.0000,NaN,0.0000E+00,1.2346E-07,1.6283E-07,0.0000E+00,0.0000E+00,0.0000E+00,0.0000E+00,0.0000E+00,0.0000E+00
54685.0000,NaN,0.0000E+00,9.1980E-07,0.0000E+00,0.0000E+00,0.0000E+00,0.0000E+00,0.0000E+00,0.0000E+00,0.0000E+00
54686.0000,NaN,0.0000E+00,0.0000E+00,0.0000E+00,0.0000E+00,0.0000E+00,0.0000E+00,0.0000E+00,0.0000E+00,0.0000E+00
54687.0000,NaN,0.0000E+00,7.0618E-08,7.0618E-08,7.0618E-08,7.0618E-08,7.0618E-08,7.0618E-08,7.0618E-08,0.0000E+00
54688.0000,NaN,0.0000E+00,0.0000E+00,0.0000E+00,0.0000E+00,0.0000E+00,0.0000E+00,0.0000E+00,0.0000E+00,0.0000E+00
54689.0000,NaN,0.0000E+00,1.0632E-07,1.0632E-07,1.0632E-07,1.0632E-07,1.0632E-07,1.0632E-07,1.0632E-07,0.0000E+00
54690.0000,NaN,0.0000E+00,0.0000E+00,0.0000E+00,0.0000E+00,0.0000E+00,0.0000E+00,0.0000E+00,0.0000E+00,0.0000E+00
54691.0000,NaN,0.0000E+00,3.8125E-08,3.8125E-08,3.8125E-08,3.8125E-08,3.8125E-08,3.8125E-08,3.8125E-08,0.0000E+00
54692.0000,NaN,0.0000E+00,8.4508E-09,8.4508E-09,8.4508E-09,8.4508E-09,8.4508E-09,8.4508E-09,8.4508E-09,0.0000E+00
54693.0000,NaN,0.0000E+00,7.9849E-09,7.9849E-09,7.9849E-09,7.9849E-09,7.9849E-09,7.9849E-09,7.9849E-09,0.0000E+00
54694.0000,NaN,0.0000E+00,1.1123E-08,1.1123E-08,1.1123E-08,1.1123E-08,1.1123E-08,1.1123E-08,1.1123E-08,0.0000E+00
54695.0000,NaN,0.0000E+00,7.1130E-08,7.1130E-08,7.1130E-08,7.1130E-08,7.1130E-08,7.1130E-08,7.1130E-08,0.0000E+00
54696.0000,NaN,0.0000E+00,3.6744E-07,3.6744E-07,3.6744E-07,3.6744E-07,3.6744E-07,3.6744E-07,3.6744E-07,0.0000E+00
54697.0000,NaN,0.0000E+00,2.0490E-09,2.0490E-09,2.0490E-09,2.0490E-09,2.0490E-09,2.0490E-09,2.0490E-09,0.0000E+00
54698.0000,NaN,0.0000E+00,2.4006E-07,2.4006E-07,2.4006E-07,2.4006E-07,2.4006E-07,2.4006E-07,2.4006E-07,0.0000E+00
54699.0000,NaN,0.0000E+00,0.0000E+00,0.0000E+00,0.0000E+00,0.0000E+00,0.0000E+00,0.0000E+00,0.0000E+00,0.0000E+00
54700.0000,NaN,0.0000E+00,1.2900E-07,4.3634E-07,1.7656E-07,1.3608E-07,1.7407E-07,5.1566E-08,2.0914E-08,0.0000E+00
54701.0000,NaN,0.0000E+00,0.0000E+00,0.0000E+00,0.0000E+00,0.0000E+00,0.0000E+00,0.0000E+00,0.0000E+00,0.0000E+00
54702.0000,NaN,0.0000E+00,5.9748E-10,2.1734E-09,1.6029E-09,5.2519E-09,4.7920E-09,0.0000E+00,0.0000E+00,0.0000E+00
54703.0000,NaN,0.0000E+00,4.9223E-11,1.4140E-10,1.0676E-10,1.1909E-09,5.5337E-09,0.0000E+00,0.0000E+00,0.0000E+00
54704.0000,NaN,0.0000E+00,2.1687E-08,2.1687E-08,2.1687E-08,2.1687E-08,2.1687E-08,2.1687E-08,2.1687E-08,0.0000E+00
54705.0000,NaN,0.0000E+00,1.6479E-08,1.6479E-08,1.6479E-08,1.6479E-08,1.6479E-08,1.6479E-08,1.6479E-08,0.0000E+00
54706.0000,NaN,0.0000E+00,1.2285E-08,1.2285E-08,1.2285E-08,1.2285E-08,1.2285E-08,1.2285E-08,1.2285E-08,0.0000E+00
54707.0000,NaN,0.0000E+00,2.3638E-08,2.3638E-08,2.3638E-08,2.3638E-08,2.3638E-08,2.3638E-08,2.3638E-08,0.0000E+00
54708.0000,NaN,0.0000E+00,5.3623E-08,5.3623E-08,5.3623E-08,5.3623E-08,5.3623E-08,5.3623E-08,5.3623E-08,0.0000E+00
54709.0000,NaN,0.0000E+00,0.0000E+00,0.0000E+00,0.0000E+00,0.0000E+00,0.0000E+00,0.0000E+00,0.0000E+00,0.0000E+00
54710.0000,NaN,0.0000E+00,0.0000E+00,0.0000E+00,0.0000E+00,0.0000E+00,0.0000E+00,0.0000E+00,0.0000E+00,0.0000E+00
54711.0000,NaN,0.0000E+00,6.9131E-11,8.3865E-11,1.2433E-10,3.6776E-10,4.4674E-09,4.2405E-09,2.0984E-09,0.0000E+00
54712.0000,NaN,0.0000E+00,1.6319E-08,2.6575E-08,2.5611E-08,1.8598E-08,4.7992E-09,3.5608E-09,1.0478E-08,0.0000E+00
54713.0000,NaN,0.0000E+00,0.0000E+00,0.0000E+00,0.0000E+00,0.0000E+00,0.0000E+00,0.0000E+00,0.0000E+00,0.0000E+00
54714.0000,NaN,0.0000E+00,5.2603E-10,1.1763E-09,2.4281E-09,3.4005E-09,6.4716E-09,6.6652E-09,8.8163E-09,0.0000E+00
54715.0000,NaN,0.0000E+00,0.0000E+00,0.0000E+00,0.0000E+00,0.0000E+00,0.0000E+00,0.0000E+00,0.0000E+00,0.0000E+00
54716.0000,NaN,0.0000E+00,7.4977E-09,1.1356E-08,1.1177E-08,4.9385E-09,2.3890E-09,3.4945E-09,9.8831E-09,0.0000E+00
54717.0000,NaN,0.0000E+00,0.0000E+00,0.0000E+00,0.0000E+00,0.0000E+00,0.0000E+00,0.0000E+00,0.0000E+00,0.0000E+00
54718.0000,NaN,0.0000E+00,1.4310E-10,4.3082E-10,5.2615E-09,1.2941E-09,3.3309E-10,3.4868E-09,1.3668E-08,0.0000E+00
54719.0000,NaN,0.0000E+00,1.7644E-11,1.9976E-11,7.3140E-11,7.4810E-10,8.6253E-09,5.9459E-10,4.7349E-10,0.0000E+00
54720.0000,NaN,0.0000E+00,9.9437E-11,2.3260E-10,1.2590E-09,7.8399E-10,5.3281E-10,3.1873E-10,2.3890E-09,0.0000E+00
54721.0000,NaN,0.0000E+00,0.0000E+00,0.0000E+00,0.0000E+00,0.0000E+00,0.0000E+00,0.0000E+00,0.0000E+00,0.0000E+00
54722.0000,NaN,0.0000E+00,2.6280E-11,6.5936E-11,4.7851E-10,9.3759E-10,7.4303E-09,1.1929E-09,5.0361E-09,0.0000E+00
54723.0000,NaN,0.0000E+00,0.0000E+00,0.0000E+00,0.0000E+00,0.0000E+00,0.0000E+00,0.0000E+00,0.0000E+00,0.0000E+00
54724.0000,NaN,0.0000E+00,1.0651E-08,1.6198E-08,2.7003E-08,2.3855E-08,2.2412E-08,0.0000E+00,0.0000E+00,0.0000E+00
54725.0000,NaN,0.0000E+00,0.0000E+00,0.0000E+00,0.0000E+00,0.0000E+00,0.0000E+00,0.0000E+00,0.0000E+00,0.0000E+00
54726.0000,NaN,0.0000E+00,1.8261E-10,6.0833E-10,1.3091E-09,1.8489E-09,4.4339E-09,8.7274E-10,2.2522E-09,0.0000E+00
54727.0000,NaN,0.0000E+00,2.5564E-09,9.8483E-09,2.9581E-08,4.7754E-08,1.4225E-08,1.1023E-08,4.5499E-09,0.0000E+00
54728.0000,NaN,0.0000E+00,0.0000E+00,0.0000E+00,0.0000E+00,0.0000E+00,0.0000E+00,0.0000E+00,0.0000E+00,0.0000E+00
54729.0000,NaN,0.0000E+00,2.2295E-09,4.5469E-09,5.9855E-09,9.6120E-09,9.2898E-09,2.1479E-08,1.4159E-08,0.0000E+00
54730.0000,NaN,0.0000E+00,0.0000E+00,0.0000E+00,0.0000E+00,0.0000E+00,0.0000E+00,0.0000E+00,0.0000E+00,0.0000E+00
54731.0000,NaN,0.0000E+00,0.0000E+00,0.0000E+00,0.0000E+00,0.0000E+00,0.0000E+00,0.0000E+00,0.0000E+00,0.0000E+00
54732.0000,NaN,0.0000E+00,0.0000E+00,0.0000E+00,0.0000E+00,0.0000E+00,0.0000E+00,0.0000E+00,0.0000E+00,0.0000E+00
54733.0000,NaN,0.0000E+00,0.0000E+00,0.0000E+00,0.0000E+00,0.0000E+00,0.0000E+00,0.0000E+00,0.0000E+00,0.0000E+00
54734.0000,NaN,0.0000E+00,0.0000E+00,0.0000E+00,0.0000E+00,0.0000E+00,0.0000E+00,0.0000E+00,0.0000E+00,0.0000E+00
54735.0000,NaN,0.0000E+00,0.0000E+00,0.0000E+00,0.0000E+00,0.0000E+00,0.0000E+00,0.0000E+00,0.0000E+00,0.0000E+00
54736.0000,NaN,0.0000E+00,0.0000E+00,0.0000E+00,0.0000E+00,0.0000E+00,0.0000E+00,0.0000E+00,0.0000E+00,0.0000E+00
54737.0000,NaN,0.0000E+00,0.0000E+00,0.0000E+00,0.0000E+00,0.0000E+00,0.0000E+00,0.0000E+00,0.0000E+00,0.0000E+00
54738.0000,NaN,0.0000E+00,0.0000E+00,0.0000E+00,0.0000E+00,0.0000E+00,0.0000E+00,0.0000E+00,0.0000E+00,0.0000E+00
54739.0000,NaN,0.0000E+00,0.0000E+00,0.0000E+00,0.0000E+00,0.0000E+00,0.0000E+00,0.0000E+00,0.0000E+00,0.0000E+00
54740.0000,NaN,0.0000E+00,0.0000E+00,0.0000E+00,0.0000E+00,0.0000E+00,0.0000E+00,0.0000E+00,0.0000E+00,0.0000E+00
54741.0000,NaN,0.0000E+00,0.0000E+00,0.0000E+00,0.0000E+00,0.0000E+00,0.0000E+00,0.0000E+00,0.0000E+00,0.0000E+00
54742.0000,NaN,0.0000E+00,0.0000E+00,0.0000E+00,0.0000E+00,0.0000E+00,0.0000E+00,0.0000E+00,0.0000E+00,0.0000E+00
54743.0000,NaN,0.0000E+00,0.0000E+00,0.0000E+00,0.0000E+00,0.0000E+00,0.0000E+00,0.0000E+00,0.0000E+00,0.0000E+00
54744.0000,NaN,0.0000E+00,0.0000E+00,0.0000E+00,0.0000E+00,0.0000E+00,0.0000E+00,0.0000E+00,0.0000E+00,0.0000E+00
54745.0000,NaN,0.0000E+00,0.0000E+00,0.0000E+00,0.0000E+00,0.0000E+00,0.0000E+00,0.0000E+00,0.0000E+00,0.0000E+00
54746.0000,NaN,0.0000E+00,0.0000E+00,0.0000E+00,0.0000E+00,0.0000E+00,0.0000E+00,0.0000E+00,0.0000E+00,0.0000E+00
54747.0000,NaN,0.0000E+00,0.0000E+00,0.0000E+00,0.0000E+00,0.0000E+00,0.0000E+00,0.0000E+00,0.0000E+00,0.0000E+00
54748.0000,NaN,0.0000E+00,0.0000E+00,0.0000E+00,0.0000E+00,0.0000E+00,0.0000E+00,0.0000E+00,0.0000E+00,0.0000E+00
54749.0000,NaN,0.0000E+00,0.0000E+00,0.0000E+00,0.0000E+00,0.0000E+00,0.0000E+00,0.0000E+00,0.0000E+00,0.0000E+00
54750.0000,NaN,0.0000E+00,0.0000E+00,0.0000E+00,0.0000E+00,0.0000E+00,0.0000E+00,0.0000E+00,0.0000E+00,0.0000E+00
54751.0000,NaN,0.0000E+00,0.0000E+00,0.0000E+00,0.0000E+00,0.0000E+00,0.0000E+00,0.0000E+00,0.0000E+00,0.0000E+00
54752.0000,NaN,0.0000E+00,0.0000E+00,0.0000E+00,0.0000E+00,0.0000E+00,0.0000E+00,0.0000E+00,0.0000E+00,0.0000E+00
54753.0000,NaN,0.0000E+00,0.0000E+00,0.0000E+00,0.0000E+00,0.0000E+00,0.0000E+00,0.0000E+00,0.0000E+00,0.0000E+00
54754.0000,NaN,0.0000E+00,0.0000E+00,0.0000E+00,0.0000E+00,0.0000E+00,0.0000E+00,0.0000E+00,0.0000E+00,0.0000E+00
54755.0000,NaN,0.0000E+00,0.0000E+00,0.0000E+00,0.0000E+00,0.0000E+00,0.0000E+00,0.0000E+00,0.0000E+00,0.0000E+00
54756.0000,NaN,0.0000E+00,0.0000E+00,0.0000E+00,0.0000E+00,0.0000E+00,0.0000E+00,0.0000E+00,0.0000E+00,0.0000E+00
54757.0000,NaN,0.0000E+00,0.0000E+00,0.0000E+00,0.0000E+00,0.0000E+00,0.0000E+00,0.0000E+00,0.0000E+00,0.0000E+00
54758.0000,NaN,0.0000E+00,0.0000E+00,0.0000E+00,0.0000E+00,0.0000E+00,0.0000E+00,0.0000E+00,0.0000E+00,0.0000E+00
54759.0000,NaN,0.0000E+00,0.0000E+00,0.0000E+00,0.0000E+00,0.0000E+00,0.0000E+00,0.0000E+00,0.0000E+00,0.0000E+00
54760.0000,NaN,0.0000E+00,0.0000E+00,0.0000E+00,0.0000E+00,0.0000E+00,0.0000E+00,0.0000E+00,0.0000E+00,0.0000E+00
54761.0000,NaN,0.0000E+00,0.0000E+00,0.0000E+00,0.0000E+00,0.0000E+00,0.0000E+00,0.0000E+00,0.0000E+00,0.0000E+00
54762.0000,NaN,0.0000E+00,0.0000E+00,0.0000E+00,0.0000E+00,0.0000E+00,0.0000E+00,0.0000E+00,0.0000E+00,0.0000E+00
54763.0000,NaN,0.0000E+00,0.0000E+00,0.0000E+00,0.0000E+00,0.0000E+00,0.0000E+00,0.0000E+00,0.0000E+00,0.0000E+00
54764.0000,NaN,0.0000E+00,0.0000E+00,0.0000E+00,0.0000E+00,0.0000E+00,0.0000E+00,0.0000E+00,0.0000E+00,0.0000E+00
54765.0000,NaN,0.0000E+00,0.0000E+00,0.0000E+00,0.0000E+00,0.0000E+00,0.0000E+00,0.0000E+00,0.0000E+00,0.0000E+00
54766.0000,NaN,0.0000E+00,0.0000E+00,0.0000E+00,0.0000E+00,0.0000E+00,0.0000E+00,0.0000E+00,0.0000E+00,0.0000E+00
54767.0000,NaN,0.0000E+00,0.0000E+00,0.0000E+00,0.0000E+00,0.0000E+00,0.0000E+00,0.0000E+00,0.0000E+00,0.0000E+00
54768.0000,NaN,0.0000E+00,0.0000E+00,0.0000E+00,0.0000E+00,0.0000E+00,0.0000E+00,0.0000E+00,0.0000E+00,0.0000E+00
54769.0000,NaN,0.0000E+00,0.0000E+00,0.0000E+00,0.0000E+00,0.0000E+00,0.0000E+00,0.0000E+00,0.0000E+00,0.0000E+00
54770.0000,NaN,0.0000E+00,0.0000E+00,0.0000E+00,0.0000E+00,0.0000E+00,0.0000E+00,0.0000E+00,0.0000E+00,0.0000E+00
54771.0000,NaN,0.0000E+00,0.0000E+00,0.0000E+00,0.0000E+00,0.0000E+00,0.0000E+00,0.0000E+00,0.0000E+00,0.0000E+00
54772.0000,NaN,0.0000E+00,0.0000E+00,0.0000E+00,0.0000E+00,0.0000E+00,0.0000E+00,0.0000E+00,0.0000E+00,0.0000E+00
54773.0000,NaN,0.0000E+00,0.0000E+00,0.0000E+00,0.0000E+00,0.0000E+00,0.0000E+00,0.0000E+00,0.0000E+00,0.0000E+00
54774.0000,NaN,0.0000E+00,0.0000E+00,0.0000E+00,0.0000E+00,0.0000E+00,0.0000E+00,0.0000E+00,0.0000E+00,0.0000E+00
54775.0000,NaN,0.0000E+00,0.0000E+00,0.0000E+00,0.0000E+00,0.0000E+00,0.0000E+00,0.0000E+00,0.0000E+00,0.0000E+00
54776.0000,NaN,0.0000E+00,0.0000E+00,0.0000E+00,0.0000E+00,0.0000E+00,0.0000E+00,0.0000E+00,0.0000E+00,0.0000E+00
54777.0000,NaN,0.0000E+00,0.0000E+00,0.0000E+00,0.0000E+00,0.0000E+00,0.0000E+00,0.0000E+00,0.0000E+00,0.0000E+00
54778.0000,NaN,0.0000E+00,0.0000E+00,0.0000E+00,0.0000E+00,0.0000E+00,0.0000E+00,0.0000E+00,0.0000E+00,0.0000E+00
54779.0000,NaN,0.0000E+00,0.0000E+00,0.0000E+00,0.0000E+00,0.0000E+00,0.0000E+00,0.0000E+00,0.0000E+00,0.0000E+00
54780.0000,NaN,0.0000E+00,0.0000E+00,0.0000E+00,0.0000E+00,0.0000E+00,0.0000E+00,0.0000E+00,0.0000E+00,0.0000E+00
54781.0000,NaN,0.0000E+00,0.0000E+00,0.0000E+00,0.0000E+00,0.0000E+00,0.0000E+00,0.0000E+00,0.0000E+00,0.0000E+00
54782.0000,NaN,0.0000E+00,0.0000E+00,0.0000E+00,0.0000E+00,0.0000E+00,0.0000E+00,0.0000E+00,0.0000E+00,0.0000E+00
54783.0000,NaN,0.0000E+00,0.0000E+00,0.0000E+00,0.0000E+00,0.0000E+00,0.0000E+00,0.0000E+00,0.0000E+00,0.0000E+00
54784.0000,NaN,0.0000E+00,0.0000E+00,0.0000E+00,0.0000E+00,0.0000E+00,0.0000E+00,0.0000E+00,0.0000E+00,0.0000E+00
54785.0000,NaN,0.0000E+00,0.0000E+00,0.0000E+00,0.0000E+00,0.0000E+00,0.0000E+00,0.0000E+00,0.0000E+00,0.0000E+00
54786.0000,NaN,0.0000E+00,0.0000E+00,0.0000E+00,0.0000E+00,0.0000E+00,0.0000E+00,0.0000E+00,0.0000E+00,0.0000E+00
