"",8.000
54421.0000,0.0000E+00
54422.0000,4.8464E+00
54423.0000,6.2325E+00
54424.0000,5.6634E+00
54425.0000,4.4360E+00
54426.0000,2.2106E+00
54427.0000,1.9645E+00
54428.0000,2.4443E+00
54429.0000,2.3595E+00
54430.0000,2.4170E+00
54431.0000,2.1640E+00
54432.0000,1.4897E+00
54433.0000,1.4164E+00
54434.0000,1.4425E+00
54435.0000,1.7613E+00
54436.0000,1.2555E+00
54437.0000,1.2240E+00
54438.0000,1.3231E+00
54439.0000,2.1727E+00
54440.0000,1.2988E+00
54441.0000,1.1289E+00
54442.0000,1.8211E+00
54443.0000,1.3338E+00
54444.0000,1.7193E+00
54445.0000,3.0917E+00
54446.0000,2.3815E+00
54447.0000,2.0060E+00
54448.0000,3.4838E+00
54449.0000,1.7909E+00
54450.0000,1.7300E+00
54451.0000,1.4989E+00
54452.0000,4.4775E+00
54453.0000,2.0853E+00
54454.0000,1.2044E+00
54455.0000,3.2281E+00
54456.0000,1.4760E+00
54457.0000,1.6950E+00
54458.0000,5.2397E+00
54459.0000,5.0343E+00
54460.0000,4.0043E+00
54461.0000,5.8698E+00
54462.0000,5.3780E+00
54463.0000,6.1319E+00
54464.0000,6.5174E+00
54465.0000,5.0978E+00
54466.0000,2.6151E+00
54467.0000,1.8553E+00
54468.0000,2.5247E+00
54469.0000,2.7138E+00
54470.0000,2.9122E+00
54471.0000,1.4756E+00
54472.0000,5.2808E+00
54473.0000,3.5413E+00
54474.0000,4.5379E+00
54475.0000,6.2992E+00
54476.0000,2.5167E+00
54477.0000,1.6829E+00
54478.0000,1.1977E+00
54479.0000,3.4184E+00
54480.0000,4.4081E+00
54481.0000,5.8469E+00
54482.0000,5.6878E+00
54483.0000,5.8755E+00
54484.0000,3.7904E+00
54485.0000,6.1428E+00
54486.0000,5.9777E+00
54487.0000,6.3446E+00
54488.0000,5.9843E+00
54489.0000,6.3686E+00
54490.0000,5.8687E+00
54491.0000,5.3459E+00
54492.0000,6.7709E+00
54493.0000,6.5710E+00
54494.0000,7.0306E+00
54495.0000,6.1657E+00
54496.0000,5.1840E+00
54497.0000,5.2333E+00
54498.0000,3.1018E+00
54499.0000,6.5058E+00
54500.0000,1.8305E+01
54501.0000,7.5336E+00
54502.0000,6.8803E+00
54503.0000,6.4774E+00
54504.0000,8.7364E+00
54505.0000,6.5256E+00
54506.0000,8.5715E+00
54507.0000,8.3959E+00
54508.0000,7.5865E+00
54509.0000,6.3443E+00
54510.0000,1.1360E+00
54511.0000,5.1004E+00
54512.0000,5.9832E+00
54513.0000,7.6702E+00
54514.0000,8.1346E+00
54515.0000,2.5411E+01
54516.0000,1.3198E+01
54517.0000,1.0293E+01
54518.0000,2.2736E+01
54519.0000,4.2820E+01
54520.0000,4.4847E+01
54521.0000,4.7580E+01
54522.0000,5.0070E+01
54523.0000,5.2968E+01
54524.0000,5.2694E+01
54525.0000,4.8465E+01
54526.0000,5.9974E+01
54527.0000,5.0484E+01
54528.0000,6.2588E+01
54529.0000,2.6221E+01
54530.0000,2.1667E+01
54531.0000,2.4397E+01
54532.0000,2.7020E+01
54533.0000,2.6301E+01
54534.0000,2.8556E+01
54535.0000,5.7050E+01
54536.0000,3.5177E+01
54537.0000,7.1605E+01
54538.0000,1.5342E+01
54539.0000,7.4935E+01
54540.0000,6.9965E+01
54541.0000,6.0555E+01
54542.0000,8.7874E+01
54543.0000,8.3080E+01
54544.0000,8.7116E+01
54545.0000,1.0067E+02
54546.0000,6.9748E+01
54547.0000,1.1396E+02
54548.0000,1.2402E+02
54549.0000,1.1466E+02
54550.0000,1.3777E+02
54551.0000,1.4643E+02
54552.0000,1.3700E+02
54553.0000,4.0925E+01
54554.0000,1.1770E+02
54555.0000,3.9948E+01
54556.0000,3.7912E+01
54557.0000,5.5896E+01
54558.0000,1.1707E+02
54559.0000,1.0413E+02
54560.0000,1.0625E+02
54561.0000,1.3833E+02
54562.0000,1.3720E+02
54563.0000,1.6929E+02
54564.0000,1.3337E+02
54565.0000,1.5626E+02
54566.0000,1.5811E+02
54567.0000,1.6107E+02
54568.0000,1.6043E+02
54569.0000,1.6941E+02
54570.0000,1.3146E+02
54571.0000,1.7779E+02
54572.0000,1.6671E+02
54573.0000,1.7303E+02
54574.0000,2.0229E+02
54575.0000,2.0441E+02
54576.0000,1.9265E+02
54577.0000,1.9806E+02
54578.0000,1.1872E+02
54579.0000,7.7724E+01
54580.0000,1.1680E+02
54581.0000,1.4906E+02
54582.0000,2.9347E+01
54583.0000,4.2738E+01
54584.0000,1.0474E+02
54585.0000,1.5910E+02
54586.0000,2.1533E+02
54587.0000,2.0216E+02
54588.0000,2.0641E+02
54589.0000,1.7267E+02
54590.0000,1.7092E+02
54591.0000,1.9286E+02
54592.0000,1.9532E+02
54593.0000,2.0472E+02
54594.0000,1.8042E+02
54595.0000,1.5981E+02
54596.0000,1.7454E+02
54597.0000,1.8307E+02
54598.0000,2.0509E+02
54599.0000,1.8362E+02
54600.0000,1.5414E+02
54601.0000,1.0835E+02
54602.0000,2.0618E+02
54603.0000,1.8815E+02
54604.0000,1.5748E+02
54605.0000,1.7489E+02
54606.0000,1.3941E+02
54607.0000,1.7354E+02
54608.0000,1.4872E+02
54609.0000,7.7272E+01
54610.0000,1.9408E+02
54611.0000,1.7056E+02
54612.0000,5.8197E+01
54613.0000,1.8866E+02
54614.0000,8.0287E+01
54615.0000,1.8242E+02
54616.0000,2.2665E+01
54617.0000,9.2221E+01
54618.0000,1.3483E+02
54619.0000,1.6919E+02
54620.0000,5.4423E+01
54621.0000,4.0776E+01
54622.0000,7.9579E+01
54623.0000,1.6673E+02
54624.0000,1.7808E+02
54625.0000,1.5612E+02
54626.0000,1.3178E+02
54627.0000,4.2149E+01
54628.0000,1.7750E+02
54629.0000,1.3007E+02
54630.0000,5.9289E+01
54631.0000,3.6634E+01
54632.0000,8.7396E+01
54633.0000,8.4334E+01
54634.0000,1.2283E+02
54635.0000,1.1039E+02
54636.0000,9.9235E+01
54637.0000,3.3817E+01
54638.0000,7.5178E+01
54639.0000,1.3418E+02
54640.0000,1.2990E+02
54641.0000,1.0001E+02
54642.0000,1.1909E+02
54643.0000,2.8207E+01
54644.0000,1.2266E+02
54645.0000,8.2730E+00
54646.0000,1.4943E+02
54647.0000,1.3162E+02
54648.0000,1.1439E+02
54649.0000,9.0097E+01
54650.0000,2.4269E+01
54651.0000,1.7083E+01
54652.0000,9.4774E+01
54653.0000,1.1220E+02
54654.0000,1.0041E+02
54655.0000,1.0838E+02
54656.0000,5.7799E+00
54657.0000,7.7012E+01
54658.0000,6.0155E+01
54659.0000,4.5961E+01
54660.0000,6.0287E+01
54661.0000,3.3199E+01
54662.0000,1.1814E+02
54663.0000,6.4834E+01
54664.0000,8.8864E+01
54665.0000,1.1600E+02
54666.0000,1.0153E+02
54667.0000,1.2157E+02
54668.0000,1.1649E+02
54669.0000,1.0329E+02
54670.0000,7.0530E+01
54671.0000,8.1939E+01
54672.0000,5.0203E+01
54673.0000,3.8455E+01
54674.0000,1.6996E+01
54675.0000,6.5619E+01
54676.0000,8.7766E+01
54677.0000,6.4984E+01
54678.0000,7.3388E+01
54679.0000,4.5555E+01
54680.0000,6.6318E+01
54681.0000,7.4785E+01
54682.0000,7.4916E+01
54683.0000,2.9983E+01
54684.0000,8.7558E+01
54685.0000,4.4428E+01
54686.0000,2.2492E+01
54687.0000,3.5633E+00
54688.0000,2.8713E+01
54689.0000,5.5273E+01
54690.0000,7.5575E+01
54691.0000,7.6606E+01
54692.0000,7.4161E+01
54693.0000,6.6917E+01
54694.0000,3.5903E+01
54695.0000,1.6567E+01
54696.0000,2.1936E+00
54697.0000,4.8944E+00
54698.0000,1.3729E+01
54699.0000,1.6567E+00
54700.0000,5.2911E+01
54701.0000,5.1555E+01
54702.0000,4.6527E+01
54703.0000,5.0995E+01
54704.0000,5.4579E+01
54705.0000,4.7071E+01
54706.0000,3.0834E+01
54707.0000,4.7923E+01
54708.0000,4.7465E+01
54709.0000,4.6758E+01
54710.0000,4.4435E+01
54711.0000,2.0370E+01
54712.0000,2.7251E+01
54713.0000,3.4732E+01
54714.0000,3.5706E+01
54715.0000,3.7963E+01
54716.0000,3.3147E+01
54717.0000,3.1778E+01
54718.0000,3.4110E+01
54719.0000,2.6496E+01
54720.0000,1.4074E+00
54721.0000,1.5210E+01
54722.0000,5.3607E+00
54723.0000,5.2255E+00
54724.0000,1.7714E+01
54725.0000,2.2964E+01
54726.0000,3.1739E+00
54727.0000,1.7573E+01
54728.0000,2.1587E+01
54729.0000,2.0948E+01
54730.0000,2.1266E+01
54731.0000,2.0605E+01
54732.0000,1.5777E+01
54733.0000,1.5389E+01
54734.0000,3.1846E+00
54735.0000,6.0370E+00
54736.0000,1.5450E+00
54737.0000,2.3513E+00
54738.0000,3.8899E+00
54739.0000,4.2979E+00
54740.0000,4.2846E+00
54741.0000,3.7278E+00
54742.0000,3.3628E+00
54743.0000,3.4376E+00
54744.0000,2.1872E+00
54745.0000,2.2118E+00
54746.0000,2.6991E+00
54747.0000,2.6645E+00
54748.0000,2.2653E+00
54749.0000,2.6914E+00
54750.0000,2.0760E+00
54751.0000,1.7798E+00
54752.0000,1.6043E+00
54753.0000,2.1084E+00
54754.0000,1.9994E+00
54755.0000,1.9922E+00
54756.0000,1.7582E+00
54757.0000,1.6480E+00
54758.0000,1.5376E+00
54759.0000,9.7194E-01
54760.0000,1.4405E+00
54761.0000,1.4505E+00
54762.0000,8.9500E-01
54763.0000,1.3629E+00
54764.0000,9.2422E-01
54765.0000,1.0156E+00
54766.0000,1.2135E+00
54767.0000,1.0860E+00
54768.0000,1.0797E+00
54769.0000,1.0451E+00
54770.0000,8.7626E-01
54771.0000,8.8166E-01
54772.0000,5.9191E-01
54773.0000,4.8914E-01
54774.0000,6.0869E-01
54775.0000,6.3544E-01
54776.0000,7.3755E-01
54777.0000,6.6810E-01
54778.0000,6.8596E-01
54779.0000,8.5022E-01
54780.0000,7.1243E-01
54781.0000,6.4277E-01
54782.0000,5.7878E-01
54783.0000,6.5043E-01
54784.0000,6.4461E-01
54785.0000,5.7775E-01
54786.0000,9.6909E-01
