"",-9.000,-8.000,-7.000,-6.000,-5.000,-4.000,-3.000,-2.000,-1.000,0.000
54421.0000,NaN,3.0000E-06,3.0000E-06,3.0000E-06,3.0000E-06,3.0000E-06,3.0000E-06,3.0000E-06,3.0000E-06,3.0000E-06
54422.0000,NaN,3.0000E-06,3.0000E-06,3.0000E-06,3.0000E-06,3.0000E-06,3.0000E-06,3.0000E-06,3.0000E-06,3.0000E-06
54423.0000,NaN,3.0000E-06,3.0000E-06,3.0000E-06,3.0000E-06,3.0000E-06,3.0000E-06,3.0000E-06,3.0000E-06,3.0000E-06
54424.0000,NaN,3.0000E-06,3.0000E-06,3.0000E-06,3.0000E-06,3.0000E-06,3.0000E-06,3.0000E-06,3.0000E-06,3.0000E-06
54425.0000,NaN,3.0000E-06,3.0000E-06,3.0000E-06,3.0000E-06,3.0000E-06,3.0000E-06,3.0000E-06,3.0000E-06,3.0000E-06
54426.0000,NaN,3.0000E-06,3.0000E-06,3.0000E-06,3.0000E-06,3.0000E-06,3.0000E-06,3.0000E-06,3.0000E-06,3.0000E-06
54427.0000,NaN,3.0000E-06,3.0000E-06,3.0000E-06,3.0000E-06,3.0000E-06,3.0000E-06,3.0000E-06,3.0000E-06,3.0000E-06
54428.0000,NaN,3.0000E-06,3.0000E-06,3.0000E-06,3.0000E-06,3.0000E-06,3.0000E-06,3.0000E-06,3.0000E-06,3.0000E-06
54429.0000,NaN,3.0000E-06,3.0000E-06,3.0000E-06,3.0000E-06,3.0000E-06,3.0000E-06,3.0000E-06,3.0000E-06,3.0000E-06
54430.0000,NaN,3.0000E-06,3.0000E-06,3.0000E-06,3.0000E-06,3.0000E-06,3.0000E-06,3.0000E-06,3.0000E-06,3.0000E-06
54431.0000,NaN,3.0000E-06,3.0000E-06,3.0000E-06,3.0000E-06,3.0000E-06,3.0000E-06,3.0000E-06,3.0000E-06,3.0000E-06
54432.0000,NaN,3.0000E-06,3.0000E-06,3.0000E-06,3.0000E-06,3.0000E-06,3.0000E-06,3.0000E-06,3.0000E-06,3.0000E-06
54433.0000,NaN,3.0000E-06,3.0000E-06,3.0000E-06,3.0000E-06,3.0000E-06,3.0000E-06,3.0000E-06,3.0000E-06,3.0000E-06
54434.0000,NaN,3.0000E-06,3.0000E-06,3.0000E-06,3.0000E-06,3.0000E-06,3.0000E-06,3.0000E-06,3.0000E-06,3.0000E-06
54435.0000,NaN,3.0000E-06,3.0000E-06,3.0000E-06,3.0000E-06,3.0000E-06,3.0000E-06,3.0000E-06,3.0000E-06,3.0000E-06
54436.0000,NaN,3.0000E-06,3.0000E-06,3.0000E-06,3.0000E-06,3.0000E-06,3.0000E-06,3.0000E-06,3.0000E-06,3.0000E-06
54437.0000,NaN,3.0000E-06,3.0000E-06,3.0000E-06,3.0000E-06,3.0000E-06,3.0000E-06,3.0000E-06,3.0000E-06,3.0000E-06
54438.0000,NaN,3.0000E-06,3.0000E-06,3.0000E-06,3.0000E-06,3.0000E-06,3.0000E-06,3.0000E-06,3.0000E-06,3.0000E-06
54439.0000,NaN,3.0000E-06,3.0000E-06,3.0000E-06,3.0000E-06,3.0000E-06,3.0000E-06,3.0000E-06,3.0000E-06,3.0000E-06
54440.0000,NaN,3.0000E-06,3.0000E-06,3.0000E-06,3.0000E-06,3.0000E-06,3.0000E-06,3.0000E-06,3.0000E-06,3.0000E-06
54441.0000,NaN,3.0000E-06,3.0000E-06,3.0000E-06,3.0000E-06,3.0000E-06,3.0000E-06,3.0000E-06,3.0000E-06,3.0000E-06
54442.0000,NaN,3.0000E-06,3.0000E-06,3.0000E-06,3.0000E-06,3.0000E-06,3.0000E-06,3.0000E-06,3.0000E-06,3.0000E-06
54443.0000,NaN,3.0000E-06,3.0000E-06,3.0000E-06,3.0000E-06,3.0000E-06,3.0000E-06,3.0000E-06,3.0000E-06,3.0000E-06
54444.0000,NaN,3.0000E-06,3.0000E-06,3.0000E-06,3.0000E-06,3.0000E-06,3.0000E-06,3.0000E-06,3.0000E-06,3.0000E-06
54445.0000,NaN,3.0000E-06,3.0000E-06,3.0000E-06,3.0000E-06,3.0000E-06,3.0000E-06,3.0000E-06,3.0000E-06,3.0000E-06
54446.0000,NaN,3.0000E-06,3.0000E-06,3.0000E-06,3.0000E-06,3.0000E-06,3.0000E-06,3.0000E-06,3.0000E-06,3.0000E-06
54447.0000,NaN,3.0000E-06,3.0000E-06,3.0000E-06,3.0000E-06,3.0000E-06,3.0000E-06,3.0000E-06,3.0000E-06,3.0000E-06
54448.0000,NaN,3.0000E-06,3.0000E-06,3.0000E-06,3.0000E-06,3.0000E-06,3.0000E-06,3.0000E-06,3.0000E-06,3.0000E-06
54449.0000,NaN,3.0000E-06,3.0000E-06,3.0000E-06,3.0000E-06,3.0000E-06,3.0000E-06,3.0000E-06,3.0000E-06,3.0000E-06
54450.0000,NaN,3.0000E-06,3.0000E-06,3.0000E-06,3.0000E-06,3.0000E-06,3.0000E-06,3.0000E-06,3.0000E-06,3.0000E-06
54451.0000,NaN,3.0000E-06,3.0000E-06,3.0000E-06,3.0000E-06,3.0000E-06,3.0000E-06,3.0000E-06,3.0000E-06,3.0000E-06
54452.0000,NaN,3.0000E-06,3.0000E-06,3.0000E-06,3.0000E-06,3.0000E-06,3.0000E-06,3.0000E-06,3.0000E-06,3.0000E-06
54453.0000,NaN,3.0000E-06,3.0000E-06,3.0000E-06,3.0000E-06,3.0000E-06,3.0000E-06,3.0000E-06,3.0000E-06,3.0000E-06
54454.0000,NaN,3.0000E-06,3.0000E-06,3.0000E-06,3.0000E-06,3.0000E-06,3.0000E-06,3.0000E-06,3.0000E-06,3.0000E-06
54455.0000,NaN,3.0000E-06,3.0000E-06,3.0000E-06,3.0000E-06,3.0000E-06,3.0000E-06,3.0000E-06,3.0000E-06,3.0000E-06
54456.0000,NaN,3.0000E-06,3.0000E-06,3.0000E-06,3.0000E-06,3.0000E-06,3.0000E-06,3.0000E-06,3.0000E-06,3.0000E-06
54457.0000,NaN,3.0000E-06,3.0000E-06,3.0000E-06,3.0000E-06,3.0000E-06,3.0000E-06,3.0000E-06,3.0000E-06,3.0000E-06
54458.0000,NaN,3.0000E-06,3.0000E-06,3.0000E-06,3.0000E-06,3.0000E-06,3.0000E-06,3.0000E-06,3.0000E-06,3.0000E-06
54459.0000,NaN,3.0000E-06,3.0000E-06,3.0000E-06,3.0000E-06,3.0000E-06,3.0000E-06,3.0000E-06,3.0000E-06,3.0000E-06
54460.0000,NaN,3.0000E-06,3.0000E-06,3.0000E-06,3.0000E-06,3.0000E-06,3.0000E-06,3.0000E-06,3.0000E-06,3.0000E-06
54461.0000,NaN,3.0000E-06,3.0000E-06,3.0000E-06,3.0000E-06,3.0000E-06,3.0000E-06,3.0000E-06,3.0000E-06,3.0000E-06
54462.0000,NaN,3.0000E-06,3.0000E-06,3.0000E-06,3.0000E-06,3.0000E-06,3.0000E-06,3.0000E-06,3.0000E-06,3.0000E-06
54463.0000,NaN,3.0000E-06,3.0000E-06,3.0000E-06,3.0000E-06,3.0000E-06,3.0000E-06,3.0000E-06,3.0000E-06,3.0000E-06
54464.0000,NaN,3.0000E-06,3.0000E-06,3.0000E-06,3.0000E-06,3.0000E-06,3.0000E-06,3.0000E-06,3.0000E-06,3.0000E-06
54465.0000,NaN,3.0000E-06,3.0000E-06,3.0000E-06,3.0000E-06,3.0000E-06,3.0000E-06,3.0000E-06,3.0000E-06,3.0000E-06
54466.0000,NaN,3.0000E-06,3.0000E-06,3.0000E-06,3.0000E-06,3.0000E-06,3.0000E-06,3.0000E-06,3.0000E-06,3.0000E-06
54467.0000,NaN,3.0000E-06,3.0000E-06,3.0000E-06,3.0000E-06,3.0000E-06,3.0000E-06,3.0000E-06,3.0000E-06,3.0000E-06
54468.0000,NaN,3.0000E-06,3.0000E-06,3.0000E-06,3.0000E-06,3.0000E-06,3.0000E-06,3.0000E-06,3.0000E-06,3.0000E-06
54469.0000,NaN,3.0000E-06,3.0000E-06,3.0000E-06,3.0000E-06,3.0000E-06,3.0000E-06,3.0000E-06,3.0000E-06,3.0000E-06
54470.0000,NaN,3.0000E-06,3.0000E-06,3.0000E-06,3.0000E-06,3.0000E-06,3.0000E-06,3.0000E-06,3.0000E-06,3.0000E-06
54471.0000,NaN,3.0000E-06,3.0000E-06,3.0000E-06,3.0000E-06,3.0000E-06,3.0000E-06,3.0000E-06,3.0000E-06,3.0000E-06
54472.0000,NaN,3.0000E-06,3.0000E-06,3.0000E-06,3.0000E-06,3.0000E-06,3.0000E-06,3.0000E-06,3.0000E-06,3.0000E-06
54473.0000,NaN,3.0000E-06,3.0000E-06,3.0000E-06,3.0000E-06,3.0000E-06,3.0000E-06,3.0000E-06,3.0000E-06,3.0000E-06
54474.0000,NaN,3.0000E-06,3.0000E-06,3.0000E-06,3.0000E-06,3.0000E-06,3.0000E-06,3.0000E-06,3.0000E-06,3.0000E-06
54475.0000,NaN,3.0000E-06,3.0000E-06,3.0000E-06,3.0000E-06,3.0000E-06,3.0000E-06,3.0000E-06,3.0000E-06,3.0000E-06
54476.0000,NaN,3.0000E-06,3.0000E-06,3.0000E-06,3.0000E-06,3.0000E-06,3.0000E-06,3.0000E-06,3.0000E-06,3.0000E-06
54477.0000,NaN,3.0000E-06,3.0000E-06,3.0000E-06,3.0000E-06,3.0000E-06,3.0000E-06,3.0000E-06,3.0000E-06,3.0000E-06
54478.0000,NaN,3.0000E-06,3.0000E-06,3.0000E-06,3.0000E-06,3.0000E-06,3.0000E-06,3.0000E-06,3.0000E-06,3.0000E-06
54479.0000,NaN,3.0000E-06,3.0000E-06,3.0000E-06,3.0000E-06,3.0000E-06,3.0000E-06,3.0000E-06,3.0000E-06,3.0000E-06
54480.0000,NaN,3.0000E-06,3.0000E-06,3.0000E-06,3.0000E-06,3.0000E-06,3.0000E-06,3.0000E-06,3.0000E-06,3.0000E-06
54481.0000,NaN,3.0000E-06,3.0000E-06,3.0000E-06,3.0000E-06,3.0000E-06,3.0000E-06,3.0000E-06,3.0000E-06,3.0000E-06
54482.0000,NaN,3.0000E-06,3.0000E-06,3.0000E-06,3.0000E-06,3.0000E-06,3.0000E-06,3.0000E-06,3.0000E-06,3.0000E-06
54483.0000,NaN,3.0000E-06,3.0000E-06,3.0000E-06,3.0000E-06,3.0000E-06,3.0000E-06,3.0000E-06,3.0000E-06,3.0000E-06
54484.0000,NaN,3.0000E-06,3.0000E-06,3.0000E-06,3.0000E-06,3.0000E-06,3.0000E-06,3.0000E-06,3.0000E-06,3.0000E-06
54485.0000,NaN,3.0000E-06,3.0000E-06,3.0000E-06,3.0000E-06,3.0000E-06,3.0000E-06,3.0000E-06,3.0000E-06,3.0000E-06
54486.0000,NaN,3.0000E-06,3.0000E-06,3.0000E-06,3.0000E-06,3.0000E-06,3.0000E-06,3.0000E-06,3.0000E-06,3.0000E-06
54487.0000,NaN,3.0000E-06,3.0000E-06,3.0000E-06,3.0000E-06,3.0000E-06,3.0000E-06,3.0000E-06,3.0000E-06,3.0000E-06
54488.0000,NaN,3.0000E-06,3.0000E-06,3.0000E-06,3.0000E-06,3.0000E-06,3.0000E-06,3.0000E-06,3.0000E-06,3.0000E-06
54489.0000,NaN,3.0000E-06,3.0000E-06,3.0000E-06,3.0000E-06,3.0000E-06,3.0000E-06,3.0000E-06,3.0000E-06,3.0000E-06
54490.0000,NaN,3.0000E-06,3.0000E-06,3.0000E-06,3.0000E-06,3.0000E-06,3.0000E-06,3.0000E-06,3.0000E-06,3.0000E-06
54491.0000,NaN,3.0000E-06,3.0000E-06,3.0000E-06,3.0000E-06,3.0000E-06,3.0000E-06,3.0000E-06,3.0000E-06,3.0000E-06
54492.0000,NaN,3.0000E-06,3.0000E-06,3.0000E-06,3.0000E-06,3.0000E-06,3.0000E-06,3.0000E-06,3.0000E-06,3.0000E-06
54493.0000,NaN,3.0000E-06,3.0000E-06,3.0000E-06,3.0000E-06,3.0000E-06,3.0000E-06,3.0000E-06,3.0000E-06,3.0000E-06
54494.0000,NaN,3.0000E-06,3.0000E-06,3.0000E-06,3.0000E-06,3.0000E-06,3.0000E-06,3.0000E-06,3.0000E-06,3.0000E-06
54495.0000,NaN,3.0000E-06,3.0000E-06,3.0000E-06,3.0000E-06,3.0000E-06,3.0000E-06,3.0000E-06,3.0000E-06,3.0000E-06
54496.0000,NaN,3.0000E-06,3.0000E-06,3.0000E-06,3.0000E-06,3.0000E-06,3.0000E-06,3.0000E-06,3.0000E-06,3.0000E-06
54497.0000,NaN,3.0000E-06,3.0000E-06,3.0000E-06,3.0000E-06,3.0000E-06,3.0000E-06,3.0000E-06,3.0000E-06,3.0000E-06
54498.0000,NaN,3.0000E-06,3.0000E-06,3.0000E-06,3.0000E-06,3.0000E-06,3.0000E-06,3.0000E-06,3.0000E-06,3.0000E-06
54499.0000,NaN,3.0000E-06,3.0000E-06,3.0000E-06,3.0000E-06,3.0000E-06,3.0000E-06,3.0000E-06,3.0000E-06,3.0000E-06
54500.0000,NaN,3.0000E-06,3.0000E-06,3.0000E-06,3.0000E-06,3.0000E-06,3.0000E-06,3.0000E-06,3.0000E-06,3.0000E-06
54501.0000,NaN,3.0000E-06,3.0000E-06,3.0000E-06,3.0000E-06,3.0000E-06,3.0000E-06,3.0000E-06,3.0000E-06,3.0000E-06
54502.0000,NaN,3.0000E-06,3.0000E-06,3.0000E-06,3.0000E-06,3.0000E-06,3.0000E-06,3.0000E-06,3.0000E-06,3.0000E-06
54503.0000,NaN,3.0000E-06,3.0000E-06,3.0000E-06,3.0000E-06,3.0000E-06,3.0000E-06,3.0000E-06,3.0000E-06,3.0000E-06
54504.0000,NaN,3.0000E-06,3.0000E-06,3.0000E-06,3.0000E-06,3.0000E-06,3.0000E-06,3.0000E-06,3.0000E-06,3.0000E-06
54505.0000,NaN,3.0000E-06,3.0000E-06,3.0000E-06,3.0000E-06,3.0000E-06,3.0000E-06,3.0000E-06,3.0000E-06,3.0000E-06
54506.0000,NaN,3.0000E-06,3.0000E-06,3.0000E-06,3.0000E-06,3.0000E-06,3.0000E-06,3.0000E-06,3.0000E-06,3.0000E-06
54507.0000,NaN,3.0000E-06,3.0000E-06,3.0000E-06,3.0000E-06,3.0000E-06,3.0000E-06,3.0000E-06,3.0000E-06,3.0000E-06
54508.0000,NaN,3.0000E-06,3.0000E-06,3.0000E-06,3.0000E-06,3.0000E-06,3.0000E-06,3.0000E-06,3.0000E-06,3.0000E-06
54509.0000,NaN,3.0000E-06,3.0000E-06,3.0000E-06,3.0000E-06,3.0000E-06,3.0000E-06,3.0000E-06,3.0000E-06,3.0000E-06
54510.0000,NaN,3.0000E-06,3.0000E-06,3.0000E-06,3.0000E-06,3.0000E-06,3.0000E-06,3.0000E-06,3.0000E-06,3.0000E-06
54511.0000,NaN,3.0000E-06,3.0000E-06,3.0000E-06,3.0000E-06,3.0000E-06,3.0000E-06,3.0000E-06,3.0000E-06,3.0000E-06
54512.0000,NaN,3.0000E-06,3.0000E-06,3.0000E-06,3.0000E-06,3.0000E-06,3.0000E-06,3.0000E-06,3.0000E-06,3.0000E-06
54513.0000,NaN,3.0000E-06,3.0000E-06,3.0000E-06,3.0000E-06,3.0000E-06,3.0000E-06,3.0000E-06,3.0000E-06,3.0000E-06
54514.0000,NaN,3.0000E-06,3.0000E-06,3.0000E-06,3.0000E-06,3.0000E-06,3.0000E-06,3.0000E-06,3.0000E-06,3.0000E-06
54515.0000,NaN,3.0000E-06,3.0000E-06,3.0000E-06,3.0000E-06,3.0000E-06,3.0000E-06,3.0000E-06,3.0000E-06,3.0000E-06
54516.0000,NaN,3.0000E-06,3.0000E-06,3.0000E-06,3.0000E-06,3.0000E-06,3.0000E-06,3.0000E-06,3.0000E-06,3.0000E-06
54517.0000,NaN,3.0000E-06,3.0000E-06,3.0000E-06,3.0000E-06,3.0000E-06,3.0000E-06,3.0000E-06,3.0000E-06,3.0000E-06
54518.0000,NaN,3.0000E-06,3.0000E-06,3.0000E-06,3.0000E-06,3.0000E-06,3.0000E-06,3.0000E-06,3.0000E-06,3.0000E-06
54519.0000,NaN,3.0000E-06,3.0000E-06,3.0000E-06,3.0000E-06,3.0000E-06,3.0000E-06,3.0000E-06,3.0000E-06,3.0000E-06
54520.0000,NaN,3.0000E-06,3.0000E-06,3.0000E-06,3.0000E-06,3.0000E-06,3.0000E-06,3.0000E-06,3.0000E-06,3.0000E-06
54521.0000,NaN,3.0000E-06,3.0000E-06,3.0000E-06,3.0000E-06,3.0000E-06,3.0000E-06,3.0000E-06,3.0000E-06,3.0000E-06
54522.0000,NaN,3.0000E-06,3.0000E-06,3.0000E-06,3.0000E-06,3.0000E-06,3.0000E-06,3.0000E-06,3.0000E-06,3.0000E-06
54523.0000,NaN,3.0000E-06,3.0000E-06,3.0000E-06,3.0000E-06,3.0000E-06,3.0000E-06,3.0000E-06,3.0000E-06,3.0000E-06
54524.0000,NaN,3.0000E-06,3.0000E-06,3.0000E-06,3.0000E-06,3.0000E-06,3.0000E-06,3.0000E-06,3.0000E-06,3.0000E-06
54525.0000,NaN,3.0000E-06,3.0000E-06,3.0000E-06,3.0000E-06,3.0000E-06,3.0000E-06,3.0000E-06,3.0000E-06,3.0000E-06
54526.0000,NaN,3.0000E-06,3.0000E-06,3.0000E-06,3.0000E-06,3.0000E-06,3.0000E-06,3.0000E-06,3.0000E-06,3.0000E-06
54527.0000,NaN,3.0000E-06,3.0000E-06,3.0000E-06,3.0000E-06,3.0000E-06,3.0000E-06,3.0000E-06,3.0000E-06,3.0000E-06
54528.0000,NaN,3.0000E-06,3.0000E-06,3.0000E-06,3.0000E-06,3.0000E-06,3.0000E-06,3.0000E-06,3.0000E-06,3.0000E-06
54529.0000,NaN,3.0000E-06,3.0000E-06,3.0000E-06,3.0000E-06,3.0000E-06,3.0000E-06,3.0000E-06,3.0000E-06,3.0000E-06
54530.0000,NaN,3.0000E-06,3.0000E-06,3.0000E-06,3.0000E-06,3.0000E-06,3.0000E-06,3.0000E-06,3.0000E-06,3.0000E-06
54531.0000,NaN,3.0000E-06,3.0000E-06,3.0000E-06,3.0000E-06,3.0000E-06,3.0000E-06,3.0000E-06,3.0000E-06,3.0000E-06
54532.0000,NaN,3.0000E-06,3.0000E-06,3.0000E-06,3.0000E-06,3.0000E-06,3.0000E-06,3.0000E-06,3.0000E-06,3.0000E-06
54533.0000,NaN,3.0000E-06,3.0000E-06,3.0000E-06,3.0000E-06,3.0000E-06,3.0000E-06,3.0000E-06,3.0000E-06,3.0000E-06
54534.0000,NaN,3.0000E-06,3.0000E-06,3.0000E-06,3.0000E-06,3.0000E-06,3.0000E-06,3.0000E-06,3.0000E-06,3.0000E-06
54535.0000,NaN,3.0000E-06,3.0000E-06,3.0000E-06,3.0000E-06,3.0000E-06,3.0000E-06,3.0000E-06,3.0000E-06,3.0000E-06
54536.0000,NaN,3.0000E-06,3.0000E-06,3.0000E-06,3.0000E-06,3.0000E-06,3.0000E-06,3.0000E-06,3.0000E-06,3.0000E-06
54537.0000,NaN,3.0000E-06,3.0000E-06,3.0000E-06,3.0000E-06,3.0000E-06,3.0000E-06,3.0000E-06,3.0000E-06,3.0000E-06
54538.0000,NaN,3.0000E-06,3.0000E-06,3.0000E-06,3.0000E-06,3.0000E-06,3.0000E-06,3.0000E-06,3.0000E-06,3.0000E-06
54539.0000,NaN,3.0000E-06,3.0000E-06,3.0000E-06,3.0000E-06,3.0000E-06,3.0000E-06,3.0000E-06,3.0000E-06,3.0000E-06
54540.0000,NaN,3.0000E-06,3.0000E-06,3.0000E-06,3.0000E-06,3.0000E-06,3.0000E-06,3.0000E-06,3.0000E-06,3.0000E-06
54541.0000,NaN,3.0000E-06,3.0000E-06,3.0000E-06,3.0000E-06,3.0000E-06,3.0000E-06,3.0000E-06,3.0000E-06,3.0000E-06
54542.0000,NaN,3.0000E-06,3.0000E-06,3.0000E-06,3.0000E-06,3.0000E-06,3.0000E-06,3.0000E-06,3.0000E-06,3.0000E-06
54543.0000,NaN,3.0000E-06,3.0000E-06,3.0000E-06,3.0000E-06,3.0000E-06,3.0000E-06,3.0000E-06,3.0000E-06,3.0000E-06
54544.0000,NaN,3.0000E-06,3.0000E-06,3.0000E-06,3.0000E-06,3.0000E-06,3.0000E-06,3.0000E-06,3.0000E-06,3.0000E-06
54545.0000,NaN,3.0000E-06,3.0000E-06,3.0000E-06,3.0000E-06,3.0000E-06,3.0000E-06,3.0000E-06,3.0000E-06,3.0000E-06
54546.0000,NaN,3.0000E-06,3.0000E-06,3.0000E-06,3.0000E-06,3.0000E-06,3.0000E-06,3.0000E-06,3.0000E-06,3.0000E-06
54547.0000,NaN,3.0000E-06,3.0000E-06,3.0000E-06,3.0000E-06,3.0000E-06,3.0000E-06,3.0000E-06,3.0000E-06,3.0000E-06
54548.0000,NaN,3.0000E-06,3.0000E-06,3.0000E-06,3.0000E-06,3.0000E-06,3.0000E-06,3.0000E-06,3.0000E-06,3.0000E-06
54549.0000,NaN,3.0000E-06,3.0000E-06,3.0000E-06,3.0000E-06,3.0000E-06,3.0000E-06,3.0000E-06,3.0000E-06,3.0000E-06
54550.0000,NaN,3.0000E-06,3.0000E-06,3.0000E-06,3.0000E-06,3.0000E-06,3.0000E-06,3.0000E-06,3.0000E-06,3.0000E-06
54551.0000,NaN,3.0000E-06,3.0000E-06,3.0000E-06,3.0000E-06,3.0000E-06,3.0000E-06,3.0000E-06,3.0000E-06,3.0000E-06
54552.0000,NaN,3.0000E-06,3.0000E-06,3.0000E-06,3.0000E-06,3.0000E-06,3.0000E-06,3.0000E-06,3.0000E-06,3.0000E-06
54553.0000,NaN,3.0000E-06,3.0000E-06,3.0000E-06,3.0000E-06,3.0000E-06,3.0000E-06,3.0000E-06,3.0000E-06,3.0000E-06
54554.0000,NaN,3.0000E-06,3.0000E-06,3.0000E-06,3.0000E-06,3.0000E-06,3.0000E-06,3.0000E-06,3.0000E-06,3.0000E-06
54555.0000,NaN,3.0000E-06,3.0000E-06,3.0000E-06,3.0000E-06,3.0000E-06,3.0000E-06,3.0000E-06,3.0000E-06,3.0000E-06
54556.0000,NaN,3.0000E-06,3.0000E-06,3.0000E-06,3.0000E-06,3.0000E-06,3.0000E-06,3.0000E-06,3.0000E-06,3.0000E-06
54557.0000,NaN,3.0000E-06,3.0000E-06,3.0000E-06,3.0000E-06,3.0000E-06,3.0000E-06,3.0000E-06,3.0000E-06,3.0000E-06
54558.0000,NaN,3.0000E-06,3.0000E-06,3.0000E-06,3.0000E-06,3.0000E-06,3.0000E-06,3.0000E-06,3.0000E-06,3.0000E-06
54559.0000,NaN,3.0000E-06,3.0000E-06,3.0000E-06,3.0000E-06,3.0000E-06,3.0000E-06,3.0000E-06,3.0000E-06,3.0000E-06
54560.0000,NaN,3.0000E-06,3.0000E-06,3.0000E-06,3.0000E-06,3.0000E-06,3.0000E-06,3.0000E-06,3.0000E-06,3.0000E-06
54561.0000,NaN,3.0000E-06,3.0000E-06,3.0000E-06,3.0000E-06,3.0000E-06,3.0000E-06,3.0000E-06,3.0000E-06,3.0000E-06
54562.0000,NaN,3.0000E-06,3.0000E-06,3.0000E-06,3.0000E-06,3.0000E-06,3.0000E-06,3.0000E-06,3.0000E-06,3.0000E-06
54563.0000,NaN,3.0000E-06,3.0000E-06,3.0000E-06,3.0000E-06,3.0000E-06,3.0000E-06,3.0000E-06,3.0000E-06,3.0000E-06
54564.0000,NaN,3.0000E-06,3.0000E-06,3.0000E-06,3.0000E-06,3.0000E-06,3.0000E-06,3.0000E-06,3.0000E-06,3.0000E-06
54565.0000,NaN,3.0000E-06,3.0000E-06,3.0000E-06,3.0000E-06,3.0000E-06,3.0000E-06,3.0000E-06,3.0000E-06,3.0000E-06
54566.0000,NaN,3.0000E-06,3.0000E-06,3.0000E-06,3.0000E-06,3.0000E-06,3.0000E-06,3.0000E-06,3.0000E-06,3.0000E-06
54567.0000,NaN,3.0000E-06,3.0000E-06,3.0000E-06,3.0000E-06,3.0000E-06,3.0000E-06,3.0000E-06,3.0000E-06,3.0000E-06
54568.0000,NaN,3.0000E-06,3.0000E-06,3.0000E-06,3.0000E-06,3.0000E-06,3.0000E-06,3.0000E-06,3.0000E-06,3.0000E-06
54569.0000,NaN,3.0000E-06,3.0000E-06,3.0000E-06,3.0000E-06,3.0000E-06,3.0000E-06,3.0000E-06,3.0000E-06,3.0000E-06
54570.0000,NaN,3.0000E-06,3.0000E-06,3.0000E-06,3.0000E-06,3.0000E-06,3.0000E-06,3.0000E-06,3.0000E-06,3.0000E-06
54571.0000,NaN,3.0000E-06,3.0000E-06,3.0000E-06,3.0000E-06,3.0000E-06,3.0000E-06,3.0000E-06,3.0000E-06,3.0000E-06
54572.0000,NaN,3.0000E-06,3.0000E-06,3.0000E-06,3.0000E-06,3.0000E-06,3.0000E-06,3.0000E-06,3.0000E-06,3.0000E-06
54573.0000,NaN,3.0000E-06,3.0000E-06,3.0000E-06,3.0000E-06,3.0000E-06,3.0000E-06,3.0000E-06,3.0000E-06,3.0000E-06
54574.0000,NaN,3.0000E-06,3.0000E-06,3.0000E-06,3.0000E-06,3.0000E-06,3.0000E-06,3.0000E-06,3.0000E-06,3.0000E-06
54575.0000,NaN,3.0000E-06,3.0000E-06,3.0000E-06,3.0000E-06,3.0000E-06,3.0000E-06,3.0000E-06,3.0000E-06,3.0000E-06
54576.0000,NaN,3.0000E-06,3.0000E-06,3.0000E-06,3.0000E-06,3.0000E-06,3.0000E-06,3.0000E-06,3.0000E-06,3.0000E-06
54577.0000,NaN,3.0000E-06,3.0000E-06,3.0000E-06,3.0000E-06,3.0000E-06,3.0000E-06,3.0000E-06,3.0000E-06,3.0000E-06
54578.0000,NaN,3.0000E-06,3.0000E-06,3.0000E-06,3.0000E-06,3.0000E-06,3.0000E-06,3.0000E-06,3.0000E-06,3.0000E-06
54579.0000,NaN,3.0000E-06,3.0000E-06,3.0000E-06,3.0000E-06,3.0000E-06,3.0000E-06,3.0000E-06,3.0000E-06,3.0000E-06
54580.0000,NaN,3.0000E-06,3.0000E-06,3.0000E-06,3.0000E-06,3.0000E-06,3.0000E-06,3.0000E-06,3.0000E-06,3.0000E-06
54581.0000,NaN,3.0000E-06,3.0000E-06,3.0000E-06,3.0000E-06,3.0000E-06,3.0000E-06,3.0000E-06,3.0000E-06,3.0000E-06
54582.0000,NaN,3.0000E-06,3.0000E-06,3.0000E-06,3.0000E-06,3.0000E-06,3.0000E-06,3.0000E-06,3.0000E-06,3.0000E-06
54583.0000,NaN,3.0000E-06,3.0000E-06,3.0000E-06,3.0000E-06,3.0000E-06,3.0000E-06,3.0000E-06,3.0000E-06,3.0000E-06
54584.0000,NaN,3.0000E-06,3.0000E-06,3.0000E-06,3.0000E-06,3.0000E-06,3.0000E-06,3.0000E-06,3.0000E-06,3.0000E-06
54585.0000,NaN,3.0000E-06,3.0000E-06,3.0000E-06,3.0000E-06,3.0000E-06,3.0000E-06,3.0000E-06,3.0000E-06,3.0000E-06
54586.0000,NaN,3.0000E-06,3.0000E-06,3.0000E-06,3.0000E-06,3.0000E-06,3.0000E-06,3.0000E-06,3.0000E-06,3.0000E-06
54587.0000,NaN,3.0000E-06,3.0000E-06,3.0000E-06,3.0000E-06,3.0000E-06,3.0000E-06,3.0000E-06,3.0000E-06,3.0000E-06
54588.0000,NaN,3.0000E-06,3.0000E-06,3.0000E-06,3.0000E-06,3.0000E-06,3.0000E-06,3.0000E-06,3.0000E-06,3.0000E-06
54589.0000,NaN,3.0000E-06,3.0000E-06,3.0000E-06,3.0000E-06,3.0000E-06,3.0000E-06,3.0000E-06,3.0000E-06,3.0000E-06
54590.0000,NaN,3.0000E-06,3.0000E-06,3.0000E-06,3.0000E-06,3.0000E-06,3.0000E-06,3.0000E-06,3.0000E-06,3.0000E-06
54591.0000,NaN,3.0000E-06,3.0000E-06,3.0000E-06,3.0000E-06,3.0000E-06,3.0000E-06,3.0000E-06,3.0000E-06,3.0000E-06
54592.0000,NaN,3.0000E-06,3.0000E-06,3.0000E-06,3.0000E-06,3.0000E-06,3.0000E-06,3.0000E-06,3.0000E-06,3.0000E-06
54593.0000,NaN,3.0000E-06,3.0000E-06,3.0000E-06,3.0000E-06,3.0000E-06,3.0000E-06,3.0000E-06,3.0000E-06,3.0000E-06
54594.0000,NaN,3.0000E-06,3.0000E-06,3.0000E-06,3.0000E-06,3.0000E-06,3.0000E-06,3.0000E-06,3.0000E-06,3.0000E-06
54595.0000,NaN,3.0000E-06,3.0000E-06,3.0000E-06,3.0000E-06,3.0000E-06,3.0000E-06,3.0000E-06,3.0000E-06,3.0000E-06
54596.0000,NaN,3.0000E-06,3.0000E-06,3.0000E-06,3.0000E-06,3.0000E-06,3.0000E-06,3.0000E-06,3.0000E-06,3.0000E-06
54597.0000,NaN,3.0000E-06,3.0000E-06,3.0000E-06,3.0000E-06,3.0000E-06,3.0000E-06,3.0000E-06,3.0000E-06,3.0000E-06
54598.0000,NaN,3.0000E-06,3.0000E-06,3.0000E-06,3.0000E-06,3.0000E-06,3.0000E-06,3.0000E-06,3.0000E-06,3.0000E-06
54599.0000,NaN,3.0000E-06,3.0000E-06,3.0000E-06,3.0000E-06,3.0000E-06,3.0000E-06,3.0000E-06,3.0000E-06,3.0000E-06
54600.0000,NaN,3.0000E-06,3.0000E-06,3.0000E-06,3.0000E-06,3.0000E-06,3.0000E-06,3.0000E-06,3.0000E-06,3.0000E-06
54601.0000,NaN,3.0000E-06,3.0000E-06,3.0000E-06,3.0000E-06,3.0000E-06,3.0000E-06,3.0000E-06,3.0000E-06,3.0000E-06
54602.0000,NaN,3.0000E-06,3.0000E-06,3.0000E-06,3.0000E-06,3.0000E-06,3.0000E-06,3.0000E-06,3.0000E-06,3.0000E-06
54603.0000,NaN,3.0000E-06,3.0000E-06,3.0000E-06,3.0000E-06,3.0000E-06,3.0000E-06,3.0000E-06,3.0000E-06,3.0000E-06
54604.0000,NaN,3.0000E-06,3.0000E-06,3.0000E-06,3.0000E-06,3.0000E-06,3.0000E-06,3.0000E-06,3.0000E-06,3.0000E-06
54605.0000,NaN,3.0000E-06,3.0000E-06,3.0000E-06,3.0000E-06,3.0000E-06,3.0000E-06,3.0000E-06,3.0000E-06,3.0000E-06
54606.0000,NaN,3.0000E-06,3.0000E-06,3.0000E-06,3.0000E-06,3.0000E-06,3.0000E-06,3.0000E-06,3.0000E-06,3.0000E-06
54607.0000,NaN,3.0000E-06,3.0000E-06,3.0000E-06,3.0000E-06,3.0000E-06,3.0000E-06,3.0000E-06,3.0000E-06,3.0000E-06
54608.0000,NaN,3.0000E-06,3.0000E-06,3.0000E-06,3.0000E-06,3.0000E-06,3.0000E-06,3.0000E-06,3.0000E-06,3.0000E-06
54609.0000,NaN,3.0000E-06,3.0000E-06,3.0000E-06,3.0000E-06,3.0000E-06,3.0000E-06,3.0000E-06,3.0000E-06,3.0000E-06
54610.0000,NaN,3.0000E-06,3.0000E-06,3.0000E-06,3.0000E-06,3.0000E-06,3.0000E-06,3.0000E-06,3.0000E-06,3.0000E-06
54611.0000,NaN,3.0000E-06,3.0000E-06,3.0000E-06,3.0000E-06,3.0000E-06,3.0000E-06,3.0000E-06,3.0000E-06,3.0000E-06
54612.0000,NaN,3.0000E-06,3.0000E-06,3.0000E-06,3.0000E-06,3.0000E-06,3.0000E-06,3.0000E-06,3.0000E-06,3.0000E-06
54613.0000,NaN,3.0000E-06,3.0000E-06,3.0000E-06,3.0000E-06,3.0000E-06,3.0000E-06,3.0000E-06,3.0000E-06,3.0000E-06
54614.0000,NaN,3.0000E-06,3.0000E-06,3.0000E-06,3.0000E-06,3.0000E-06,3.0000E-06,3.0000E-06,3.0000E-06,3.0000E-06
54615.0000,NaN,3.0000E-06,3.0000E-06,3.0000E-06,3.0000E-06,3.0000E-06,3.0000E-06,3.0000E-06,3.0000E-06,3.0000E-06
54616.0000,NaN,3.0000E-06,3.0000E-06,3.0000E-06,3.0000E-06,3.0000E-06,3.0000E-06,3.0000E-06,3.0000E-06,3.0000E-06
54617.0000,NaN,3.0000E-06,3.0000E-06,3.0000E-06,3.0000E-06,3.0000E-06,3.0000E-06,3.0000E-06,3.0000E-06,3.0000E-06
54618.0000,NaN,3.0000E-06,3.0000E-06,3.0000E-06,3.0000E-06,3.0000E-06,3.0000E-06,3.0000E-06,3.0000E-06,3.0000E-06
54619.0000,NaN,3.0000E-06,3.0000E-06,3.0000E-06,3.0000E-06,3.0000E-06,3.0000E-06,3.0000E-06,3.0000E-06,3.0000E-06
54620.0000,NaN,3.0000E-06,3.0000E-06,3.0000E-06,3.0000E-06,3.0000E-06,3.0000E-06,3.0000E-06,3.0000E-06,3.0000E-06
54621.0000,NaN,3.0000E-06,3.0000E-06,3.0000E-06,3.0000E-06,3.0000E-06,3.0000E-06,3.0000E-06,3.0000E-06,3.0000E-06
54622.0000,NaN,3.0000E-06,3.0000E-06,3.0000E-06,3.0000E-06,3.0000E-06,3.0000E-06,3.0000E-06,3.0000E-06,3.0000E-06
54623.0000,NaN,3.0000E-06,3.0000E-06,3.0000E-06,3.0000E-06,3.0000E-06,3.0000E-06,3.0000E-06,3.0000E-06,3.0000E-06
54624.0000,NaN,3.0000E-06,3.0000E-06,3.0000E-06,3.0000E-06,3.0000E-06,3.0000E-06,3.0000E-06,3.0000E-06,3.0000E-06
54625.0000,NaN,3.0000E-06,3.0000E-06,3.0000E-06,3.0000E-06,3.0000E-06,3.0000E-06,3.0000E-06,3.0000E-06,3.0000E-06
54626.0000,NaN,3.0000E-06,3.0000E-06,3.0000E-06,3.0000E-06,3.0000E-06,3.0000E-06,3.0000E-06,3.0000E-06,3.0000E-06
54627.0000,NaN,3.0000E-06,3.0000E-06,3.0000E-06,3.0000E-06,3.0000E-06,3.0000E-06,3.0000E-06,3.0000E-06,3.0000E-06
54628.0000,NaN,3.0000E-06,3.0000E-06,3.0000E-06,3.0000E-06,3.0000E-06,3.0000E-06,3.0000E-06,3.0000E-06,3.0000E-06
54629.0000,NaN,3.0000E-06,3.0000E-06,3.0000E-06,3.0000E-06,3.0000E-06,3.0000E-06,3.0000E-06,3.0000E-06,3.0000E-06
54630.0000,NaN,3.0000E-06,3.0000E-06,3.0000E-06,3.0000E-06,3.0000E-06,3.0000E-06,3.0000E-06,3.0000E-06,3.0000E-06
54631.0000,NaN,3.0000E-06,3.0000E-06,3.0000E-06,3.0000E-06,3.0000E-06,3.0000E-06,3.0000E-06,3.0000E-06,3.0000E-06
54632.0000,NaN,3.0000E-06,3.0000E-06,3.0000E-06,3.0000E-06,3.0000E-06,3.0000E-06,3.0000E-06,3.0000E-06,3.0000E-06
54633.0000,NaN,3.0000E-06,3.0000E-06,3.0000E-06,3.0000E-06,3.0000E-06,3.0000E-06,3.0000E-06,3.0000E-06,3.0000E-06
54634.0000,NaN,3.0000E-06,3.0000E-06,3.0000E-06,3.0000E-06,3.0000E-06,3.0000E-06,3.0000E-06,3.0000E-06,3.0000E-06
54635.0000,NaN,3.0000E-06,3.0000E-06,3.0000E-06,3.0000E-06,3.0000E-06,3.0000E-06,3.0000E-06,3.0000E-06,3.0000E-06
54636.0000,NaN,3.0000E-06,3.0000E-06,3.0000E-06,3.0000E-06,3.0000E-06,3.0000E-06,3.0000E-06,3.0000E-06,3.0000E-06
54637.0000,NaN,3.0000E-06,3.0000E-06,3.0000E-06,3.0000E-06,3.0000E-06,3.0000E-06,3.0000E-06,3.0000E-06,3.0000E-06
54638.0000,NaN,3.0000E-06,3.0000E-06,3.0000E-06,3.0000E-06,3.0000E-06,3.0000E-06,3.0000E-06,3.0000E-06,3.0000E-06
54639.0000,NaN,3.0000E-06,3.0000E-06,3.0000E-06,3.0000E-06,3.0000E-06,3.0000E-06,3.0000E-06,3.0000E-06,3.0000E-06
54640.0000,NaN,3.0000E-06,3.0000E-06,3.0000E-06,3.0000E-06,3.0000E-06,3.0000E-06,3.0000E-06,3.0000E-06,3.0000E-06
54641.0000,NaN,3.0000E-06,3.0000E-06,3.0000E-06,3.0000E-06,3.0000E-06,3.0000E-06,3.0000E-06,3.0000E-06,3.0000E-06
54642.0000,NaN,3.0000E-06,3.0000E-06,3.0000E-06,3.0000E-06,3.0000E-06,3.0000E-06,3.0000E-06,3.0000E-06,3.0000E-06
54643.0000,NaN,3.0000E-06,3.0000E-06,3.0000E-06,3.0000E-06,3.0000E-06,3.0000E-06,3.0000E-06,3.0000E-06,3.0000E-06
54644.0000,NaN,3.0000E-06,3.0000E-06,3.0000E-06,3.0000E-06,3.0000E-06,3.0000E-06,3.0000E-06,3.0000E-06,3.0000E-06
54645.0000,NaN,3.0000E-06,3.0000E-06,3.0000E-06,3.0000E-06,3.0000E-06,3.0000E-06,3.0000E-06,3.0000E-06,3.0000E-06
54646.0000,NaN,3.0000E-06,3.0000E-06,3.0000E-06,3.0000E-06,3.0000E-06,3.0000E-06,3.0000E-06,3.0000E-06,3.0000E-06
54647.0000,NaN,3.0000E-06,3.0000E-06,3.0000E-06,3.0000E-06,3.0000E-06,3.0000E-06,3.0000E-06,3.0000E-06,3.0000E-06
54648.0000,NaN,3.0000E-06,3.0000E-06,3.0000E-06,3.0000E-06,3.0000E-06,3.0000E-06,3.0000E-06,3.0000E-06,3.0000E-06
54649.0000,NaN,3.0000E-06,3.0000E-06,3.0000E-06,3.0000E-06,3.0000E-06,3.0000E-06,3.0000E-06,3.0000E-06,3.0000E-06
54650.0000,NaN,3.0000E-06,3.0000E-06,3.0000E-06,3.0000E-06,3.0000E-06,3.0000E-06,3.0000E-06,3.0000E-06,3.0000E-06
54651.0000,NaN,3.0000E-06,3.0000E-06,3.0000E-06,3.0000E-06,3.0000E-06,3.0000E-06,3.0000E-06,3.0000E-06,3.0000E-06
54652.0000,NaN,3.0000E-06,3.0000E-06,3.0000E-06,3.0000E-06,3.0000E-06,3.0000E-06,3.0000E-06,3.0000E-06,3.0000E-06
54653.0000,NaN,3.0000E-06,3.0000E-06,3.0000E-06,3.0000E-06,3.0000E-06,3.0000E-06,3.0000E-06,3.0000E-06,3.0000E-06
54654.0000,NaN,3.0000E-06,3.0000E-06,3.0000E-06,3.0000E-06,3.0000E-06,3.0000E-06,3.0000E-06,3.0000E-06,3.0000E-06
54655.0000,NaN,3.0000E-06,3.0000E-06,3.0000E-06,3.0000E-06,3.0000E-06,3.0000E-06,3.0000E-06,3.0000E-06,3.0000E-06
54656.0000,NaN,3.0000E-06,3.0000E-06,3.0000E-06,3.0000E-06,3.0000E-06,3.0000E-06,3.0000E-06,3.0000E-06,3.0000E-06
54657.0000,NaN,3.0000E-06,3.0000E-06,3.0000E-06,3.0000E-06,3.0000E-06,3.0000E-06,3.0000E-06,3.0000E-06,3.0000E-06
54658.0000,NaN,3.0000E-06,3.0000E-06,3.0000E-06,3.0000E-06,3.0000E-06,3.0000E-06,3.0000E-06,3.0000E-06,3.0000E-06
54659.0000,NaN,3.0000E-06,3.0000E-06,3.0000E-06,3.0000E-06,3.0000E-06,3.0000E-06,3.0000E-06,3.0000E-06,3.0000E-06
54660.0000,NaN,3.0000E-06,3.0000E-06,3.0000E-06,3.0000E-06,3.0000E-06,3.0000E-06,3.0000E-06,3.0000E-06,3.0000E-06
54661.0000,NaN,3.0000E-06,3.0000E-06,3.0000E-06,3.0000E-06,3.0000E-06,3.0000E-06,3.0000E-06,3.0000E-06,3.0000E-06
54662.0000,NaN,3.0000E-06,3.0000E-06,3.0000E-06,3.0000E-06,3.0000E-06,3.0000E-06,3.0000E-06,3.0000E-06,3.0000E-06
54663.0000,NaN,3.0000E-06,3.0000E-06,3.0000E-06,3.0000E-06,3.0000E-06,3.0000E-06,3.0000E-06,3.0000E-06,3.0000E-06
54664.0000,NaN,3.0000E-06,3.0000E-06,3.0000E-06,3.0000E-06,3.0000E-06,3.0000E-06,3.0000E-06,3.0000E-06,3.0000E-06
54665.0000,NaN,3.0000E-06,3.0000E-06,3.0000E-06,3.0000E-06,3.0000E-06,3.0000E-06,3.0000E-06,3.0000E-06,3.0000E-06
54666.0000,NaN,3.0000E-06,3.0000E-06,3.0000E-06,3.0000E-06,3.0000E-06,3.0000E-06,3.0000E-06,3.0000E-06,3.0000E-06
54667.0000,NaN,3.0000E-06,3.0000E-06,3.0000E-06,3.0000E-06,3.0000E-06,3.0000E-06,3.0000E-06,3.0000E-06,3.0000E-06
54668.0000,NaN,3.0000E-06,3.0000E-06,3.0000E-06,3.0000E-06,3.0000E-06,3.0000E-06,3.0000E-06,3.0000E-06,3.0000E-06
54669.0000,NaN,3.0000E-06,3.0000E-06,3.0000E-06,3.0000E-06,3.0000E-06,3.0000E-06,3.0000E-06,3.0000E-06,3.0000E-06
54670.0000,NaN,3.0000E-06,3.0000E-06,3.0000E-06,3.0000E-06,3.0000E-06,3.0000E-06,3.0000E-06,3.0000E-06,3.0000E-06
54671.0000,NaN,3.0000E-06,3.0000E-06,3.0000E-06,3.0000E-06,3.0000E-06,3.0000E-06,3.0000E-06,3.0000E-06,3.0000E-06
54672.0000,NaN,3.0000E-06,3.0000E-06,3.0000E-06,3.0000E-06,3.0000E-06,3.0000E-06,3.0000E-06,3.0000E-06,3.0000E-06
54673.0000,NaN,3.0000E-06,3.0000E-06,3.0000E-06,3.0000E-06,3.0000E-06,3.0000E-06,3.0000E-06,3.0000E-06,3.0000E-06
54674.0000,NaN,3.0000E-06,3.0000E-06,3.0000E-06,3.0000E-06,3.0000E-06,3.0000E-06,3.0000E-06,3.0000E-06,3.0000E-06
54675.0000,NaN,3.0000E-06,3.0000E-06,3.0000E-06,3.0000E-06,3.0000E-06,3.0000E-06,3.0000E-06,3.0000E-06,3.0000E-06
54676.0000,NaN,3.0000E-06,3.0000E-06,3.0000E-06,3.0000E-06,3.0000E-06,3.0000E-06,3.0000E-06,3.0000E-06,3.0000E-06
54677.0000,NaN,3.0000E-06,3.0000E-06,3.0000E-06,3.0000E-06,3.0000E-06,3.0000E-06,3.0000E-06,3.0000E-06,3.0000E-06
54678.0000,NaN,3.0000E-06,3.0000E-06,3.0000E-06,3.0000E-06,3.0000E-06,3.0000E-06,3.0000E-06,3.0000E-06,3.0000E-06
54679.0000,NaN,3.0000E-06,3.0000E-06,3.0000E-06,3.0000E-06,3.0000E-06,3.0000E-06,3.0000E-06,3.0000E-06,3.0000E-06
54680.0000,NaN,3.0000E-06,3.0000E-06,3.0000E-06,3.0000E-06,3.0000E-06,3.0000E-06,3.0000E-06,3.0000E-06,3.0000E-06
54681.0000,NaN,3.0000E-06,3.0000E-06,3.0000E-06,3.0000E-06,3.0000E-06,3.0000E-06,3.0000E-06,3.0000E-06,3.0000E-06
54682.0000,NaN,3.0000E-06,3.0000E-06,3.0000E-06,3.0000E-06,3.0000E-06,3.0000E-06,3.0000E-06,3.0000E-06,3.0000E-06
54683.0000,NaN,3.0000E-06,3.0000E-06,3.0000E-06,3.0000E-06,3.0000E-06,3.0000E-06,3.0000E-06,3.0000E-06,3.0000E-06
54684.0000,NaN,3.0000E-06,3.0000E-06,3.0000E-06,3.0000E-06,3.0000E-06,3.0000E-06,3.0000E-06,3.0000E-06,3.0000E-06
54685.0000,NaN,3.0000E-06,3.0000E-06,3.0000E-06,3.0000E-06,3.0000E-06,3.0000E-06,3.0000E-06,3.0000E-06,3.0000E-06
54686.0000,NaN,3.0000E-06,3.0000E-06,3.0000E-06,3.0000E-06,3.0000E-06,3.0000E-06,3.0000E-06,3.0000E-06,3.0000E-06
54687.0000,NaN,3.0000E-06,3.0000E-06,3.0000E-06,3.0000E-06,3.0000E-06,3.0000E-06,3.0000E-06,3.0000E-06,3.0000E-06
54688.0000,NaN,3.0000E-06,3.0000E-06,3.0000E-06,3.0000E-06,3.0000E-06,3.0000E-06,3.0000E-06,3.0000E-06,3.0000E-06
54689.0000,NaN,3.0000E-06,3.0000E-06,3.0000E-06,3.0000E-06,3.0000E-06,3.0000E-06,3.0000E-06,3.0000E-06,3.0000E-06
54690.0000,NaN,3.0000E-06,3.0000E-06,3.0000E-06,3.0000E-06,3.0000E-06,3.0000E-06,3.0000E-06,3.0000E-06,3.0000E-06
54691.0000,NaN,3.0000E-06,3.0000E-06,3.0000E-06,3.0000E-06,3.0000E-06,3.0000E-06,3.0000E-06,3.0000E-06,3.0000E-06
54692.0000,NaN,3.0000E-06,3.0000E-06,3.0000E-06,3.0000E-06,3.0000E-06,3.0000E-06,3.0000E-06,3.0000E-06,3.0000E-06
54693.0000,NaN,3.0000E-06,3.0000E-06,3.0000E-06,3.0000E-06,3.0000E-06,3.0000E-06,3.0000E-06,3.0000E-06,3.0000E-06
54694.0000,NaN,3.0000E-06,3.0000E-06,3.0000E-06,3.0000E-06,3.0000E-06,3.0000E-06,3.0000E-06,3.0000E-06,3.0000E-06
54695.0000,NaN,3.0000E-06,3.0000E-06,3.0000E-06,3.0000E-06,3.0000E-06,3.0000E-06,3.0000E-06,3.0000E-06,3.0000E-06
54696.0000,NaN,3.0000E-06,3.0000E-06,3.0000E-06,3.0000E-06,3.0000E-06,3.0000E-06,3.0000E-06,3.0000E-06,3.0000E-06
54697.0000,NaN,3.0000E-06,3.0000E-06,3.0000E-06,3.0000E-06,3.0000E-06,3.0000E-06,3.0000E-06,3.0000E-06,3.0000E-06
54698.0000,NaN,3.0000E-06,3.0000E-06,3.0000E-06,3.0000E-06,3.0000E-06,3.0000E-06,3.0000E-06,3.0000E-06,3.0000E-06
54699.0000,NaN,3.0000E-06,3.0000E-06,3.0000E-06,3.0000E-06,3.0000E-06,3.0000E-06,3.0000E-06,3.0000E-06,3.0000E-06
54700.0000,NaN,3.0000E-06,3.0000E-06,3.0000E-06,3.0000E-06,3.0000E-06,3.0000E-06,3.0000E-06,3.0000E-06,3.0000E-06
54701.0000,NaN,3.0000E-06,3.0000E-06,3.0000E-06,3.0000E-06,3.0000E-06,3.0000E-06,3.0000E-06,3.0000E-06,3.0000E-06
54702.0000,NaN,3.0000E-06,3.0000E-06,3.0000E-06,3.0000E-06,3.0000E-06,3.0000E-06,3.0000E-06,3.0000E-06,3.0000E-06
54703.0000,NaN,3.0000E-06,3.0000E-06,3.0000E-06,3.0000E-06,3.0000E-06,3.0000E-06,3.0000E-06,3.0000E-06,3.0000E-06
54704.0000,NaN,3.0000E-06,3.0000E-06,3.0000E-06,3.0000E-06,3.0000E-06,3.0000E-06,3.0000E-06,3.0000E-06,3.0000E-06
54705.0000,NaN,3.0000E-06,3.0000E-06,3.0000E-06,3.0000E-06,3.0000E-06,3.0000E-06,3.0000E-06,3.0000E-06,3.0000E-06
54706.0000,NaN,3.0000E-06,3.0000E-06,3.0000E-06,3.0000E-06,3.0000E-06,3.0000E-06,3.0000E-06,3.0000E-06,3.0000E-06
54707.0000,NaN,3.0000E-06,3.0000E-06,3.0000E-06,3.0000E-06,3.0000E-06,3.0000E-06,3.0000E-06,3.0000E-06,3.0000E-06
54708.0000,NaN,3.0000E-06,3.0000E-06,3.0000E-06,3.0000E-06,3.0000E-06,3.0000E-06,3.0000E-06,3.0000E-06,3.0000E-06
54709.0000,NaN,3.0000E-06,3.0000E-06,3.0000E-06,3.0000E-06,3.0000E-06,3.0000E-06,3.0000E-06,3.0000E-06,3.0000E-06
54710.0000,NaN,3.0000E-06,3.0000E-06,3.0000E-06,3.0000E-06,3.0000E-06,3.0000E-06,3.0000E-06,3.0000E-06,3.0000E-06
54711.0000,NaN,3.0000E-06,3.0000E-06,3.0000E-06,3.0000E-06,3.0000E-06,3.0000E-06,3.0000E-06,3.0000E-06,3.0000E-06
54712.0000,NaN,3.0000E-06,3.0000E-06,3.0000E-06,3.0000E-06,3.0000E-06,3.0000E-06,3.0000E-06,3.0000E-06,3.0000E-06
54713.0000,NaN,3.0000E-06,3.0000E-06,3.0000E-06,3.0000E-06,3.0000E-06,3.0000E-06,3.0000E-06,3.0000E-06,3.0000E-06
54714.0000,NaN,3.0000E-06,3.0000E-06,3.0000E-06,3.0000E-06,3.0000E-06,3.0000E-06,3.0000E-06,3.0000E-06,3.0000E-06
54715.0000,NaN,3.0000E-06,3.0000E-06,3.0000E-06,3.0000E-06,3.0000E-06,3.0000E-06,3.0000E-06,3.0000E-06,3.0000E-06
54716.0000,NaN,3.0000E-06,3.0000E-06,3.0000E-06,3.0000E-06,3.0000E-06,3.0000E-06,3.0000E-06,3.0000E-06,3.0000E-06
54717.0000,NaN,3.0000E-06,3.0000E-06,3.0000E-06,3.0000E-06,3.0000E-06,3.0000E-06,3.0000E-06,3.0000E-06,3.0000E-06
54718.0000,NaN,3.0000E-06,3.0000E-06,3.0000E-06,3.0000E-06,3.0000E-06,3.0000E-06,3.0000E-06,3.0000E-06,3.0000E-06
54719.0000,NaN,3.0000E-06,3.0000E-06,3.0000E-06,3.0000E-06,3.0000E-06,3.0000E-06,3.0000E-06,3.0000E-06,3.0000E-06
54720.0000,NaN,3.0000E-06,3.0000E-06,3.0000E-06,3.0000E-06,3.0000E-06,3.0000E-06,3.0000E-06,3.0000E-06,3.0000E-06
54721.0000,NaN,3.0000E-06,3.0000E-06,3.0000E-06,3.0000E-06,3.0000E-06,3.0000E-06,3.0000E-06,3.0000E-06,3.0000E-06
54722.0000,NaN,3.0000E-06,3.0000E-06,3.0000E-06,3.0000E-06,3.0000E-06,3.0000E-06,3.0000E-06,3.0000E-06,3.0000E-06
54723.0000,NaN,3.0000E-06,3.0000E-06,3.0000E-06,3.0000E-06,3.0000E-06,3.0000E-06,3.0000E-06,3.0000E-06,3.0000E-06
54724.0000,NaN,3.0000E-06,3.0000E-06,3.0000E-06,3.0000E-06,3.0000E-06,3.0000E-06,3.0000E-06,3.0000E-06,3.0000E-06
54725.0000,NaN,3.0000E-06,3.0000E-06,3.0000E-06,3.0000E-06,3.0000E-06,3.0000E-06,3.0000E-06,3.0000E-06,3.0000E-06
54726.0000,NaN,3.0000E-06,3.0000E-06,3.0000E-06,3.0000E-06,3.0000E-06,3.0000E-06,3.0000E-06,3.0000E-06,3.0000E-06
54727.0000,NaN,3.0000E-06,3.0000E-06,3.0000E-06,3.0000E-06,3.0000E-06,3.0000E-06,3.0000E-06,3.0000E-06,3.0000E-06
54728.0000,NaN,3.0000E-06,3.0000E-06,3.0000E-06,3.0000E-06,3.0000E-06,3.0000E-06,3.0000E-06,3.0000E-06,3.0000E-06
54729.0000,NaN,3.0000E-06,3.0000E-06,3.0000E-06,3.0000E-06,3.0000E-06,3.0000E-06,3.0000E-06,3.0000E-06,3.0000E-06
54730.0000,NaN,3.0000E-06,3.0000E-06,3.0000E-06,3.0000E-06,3.0000E-06,3.0000E-06,3.0000E-06,3.0000E-06,3.0000E-06
54731.0000,NaN,3.0000E-06,3.0000E-06,3.0000E-06,3.0000E-06,3.0000E-06,3.0000E-06,3.0000E-06,3.0000E-06,3.0000E-06
54732.0000,NaN,3.0000E-06,3.0000E-06,3.0000E-06,3.0000E-06,3.0000E-06,3.0000E-06,3.0000E-06,3.0000E-06,3.0000E-06
54733.0000,NaN,3.0000E-06,3.0000E-06,3.0000E-06,3.0000E-06,3.0000E-06,3.0000E-06,3.0000E-06,3.0000E-06,3.0000E-06
54734.0000,NaN,3.0000E-06,3.0000E-06,3.0000E-06,3.0000E-06,3.0000E-06,3.0000E-06,3.0000E-06,3.0000E-06,3.0000E-06
54735.0000,NaN,3.0000E-06,3.0000E-06,3.0000E-06,3.0000E-06,3.0000E-06,3.0000E-06,3.0000E-06,3.0000E-06,3.0000E-06
54736.0000,NaN,3.0000E-06,3.0000E-06,3.0000E-06,3.0000E-06,3.0000E-06,3.0000E-06,3.0000E-06,3.0000E-06,3.0000E-06
54737.0000,NaN,3.0000E-06,3.0000E-06,3.0000E-06,3.0000E-06,3.0000E-06,3.0000E-06,3.0000E-06,3.0000E-06,3.0000E-06
54738.0000,NaN,3.0000E-06,3.0000E-06,3.0000E-06,3.0000E-06,3.0000E-06,3.0000E-06,3.0000E-06,3.0000E-06,3.0000E-06
54739.0000,NaN,3.0000E-06,3.0000E-06,3.0000E-06,3.0000E-06,3.0000E-06,3.0000E-06,3.0000E-06,3.0000E-06,3.0000E-06
54740.0000,NaN,3.0000E-06,3.0000E-06,3.0000E-06,3.0000E-06,3.0000E-06,3.0000E-06,3.0000E-06,3.0000E-06,3.0000E-06
54741.0000,NaN,3.0000E-06,3.0000E-06,3.0000E-06,3.0000E-06,3.0000E-06,3.0000E-06,3.0000E-06,3.0000E-06,3.0000E-06
54742.0000,NaN,3.0000E-06,3.0000E-06,3.0000E-06,3.0000E-06,3.0000E-06,3.0000E-06,3.0000E-06,3.0000E-06,3.0000E-06
54743.0000,NaN,3.0000E-06,3.0000E-06,3.0000E-06,3.0000E-06,3.0000E-06,3.0000E-06,3.0000E-06,3.0000E-06,3.0000E-06
54744.0000,NaN,3.0000E-06,3.0000E-06,3.0000E-06,3.0000E-06,3.0000E-06,3.0000E-06,3.0000E-06,3.0000E-06,3.0000E-06
54745.0000,NaN,3.0000E-06,3.0000E-06,3.0000E-06,3.0000E-06,3.0000E-06,3.0000E-06,3.0000E-06,3.0000E-06,3.0000E-06
54746.0000,NaN,3.0000E-06,3.0000E-06,3.0000E-06,3.0000E-06,3.0000E-06,3.0000E-06,3.0000E-06,3.0000E-06,3.0000E-06
54747.0000,NaN,3.0000E-06,3.0000E-06,3.0000E-06,3.0000E-06,3.0000E-06,3.0000E-06,3.0000E-06,3.0000E-06,3.0000E-06
54748.0000,NaN,3.0000E-06,3.0000E-06,3.0000E-06,3.0000E-06,3.0000E-06,3.0000E-06,3.0000E-06,3.0000E-06,3.0000E-06
54749.0000,NaN,3.0000E-06,3.0000E-06,3.0000E-06,3.0000E-06,3.0000E-06,3.0000E-06,3.0000E-06,3.0000E-06,3.0000E-06
54750.0000,NaN,3.0000E-06,3.0000E-06,3.0000E-06,3.0000E-06,3.0000E-06,3.0000E-06,3.0000E-06,3.0000E-06,3.0000E-06
54751.0000,NaN,3.0000E-06,3.0000E-06,3.0000E-06,3.0000E-06,3.0000E-06,3.0000E-06,3.0000E-06,3.0000E-06,3.0000E-06
54752.0000,NaN,3.0000E-06,3.0000E-06,3.0000E-06,3.0000E-06,3.0000E-06,3.0000E-06,3.0000E-06,3.0000E-06,3.0000E-06
54753.0000,NaN,3.0000E-06,3.0000E-06,3.0000E-06,3.0000E-06,3.0000E-06,3.0000E-06,3.0000E-06,3.0000E-06,3.0000E-06
54754.0000,NaN,3.0000E-06,3.0000E-06,3.0000E-06,3.0000E-06,3.0000E-06,3.0000E-06,3.0000E-06,3.0000E-06,3.0000E-06
54755.0000,NaN,3.0000E-06,3.0000E-06,3.0000E-06,3.0000E-06,3.0000E-06,3.0000E-06,3.0000E-06,3.0000E-06,3.0000E-06
54756.0000,NaN,3.0000E-06,3.0000E-06,3.0000E-06,3.0000E-06,3.0000E-06,3.0000E-06,3.0000E-06,3.0000E-06,3.0000E-06
54757.0000,NaN,3.0000E-06,3.0000E-06,3.0000E-06,3.0000E-06,3.0000E-06,3.0000E-06,3.0000E-06,3.0000E-06,3.0000E-06
54758.0000,NaN,3.0000E-06,3.0000E-06,3.0000E-06,3.0000E-06,3.0000E-06,3.0000E-06,3.0000E-06,3.0000E-06,3.0000E-06
54759.0000,NaN,3.0000E-06,3.0000E-06,3.0000E-06,3.0000E-06,3.0000E-06,3.0000E-06,3.0000E-06,3.0000E-06,3.0000E-06
54760.0000,NaN,3.0000E-06,3.0000E-06,3.0000E-06,3.0000E-06,3.0000E-06,3.0000E-06,3.0000E-06,3.0000E-06,3.0000E-06
54761.0000,NaN,3.0000E-06,3.0000E-06,3.0000E-06,3.0000E-06,3.0000E-06,3.0000E-06,3.0000E-06,3.0000E-06,3.0000E-06
54762.0000,NaN,3.0000E-06,3.0000E-06,3.0000E-06,3.0000E-06,3.0000E-06,3.0000E-06,3.0000E-06,3.0000E-06,3.0000E-06
54763.0000,NaN,3.0000E-06,3.0000E-06,3.0000E-06,3.0000E-06,3.0000E-06,3.0000E-06,3.0000E-06,3.0000E-06,3.0000E-06
54764.0000,NaN,3.0000E-06,3.0000E-06,3.0000E-06,3.0000E-06,3.0000E-06,3.0000E-06,3.0000E-06,3.0000E-06,3.0000E-06
54765.0000,NaN,3.0000E-06,3.0000E-06,3.0000E-06,3.0000E-06,3.0000E-06,3.0000E-06,3.0000E-06,3.0000E-06,3.0000E-06
54766.0000,NaN,3.0000E-06,3.0000E-06,3.0000E-06,3.0000E-06,3.0000E-06,3.0000E-06,3.0000E-06,3.0000E-06,3.0000E-06
54767.0000,NaN,3.0000E-06,3.0000E-06,3.0000E-06,3.0000E-06,3.0000E-06,3.0000E-06,3.0000E-06,3.0000E-06,3.0000E-06
54768.0000,NaN,3.0000E-06,3.0000E-06,3.0000E-06,3.0000E-06,3.0000E-06,3.0000E-06,3.0000E-06,3.0000E-06,3.0000E-06
54769.0000,NaN,3.0000E-06,3.0000E-06,3.0000E-06,3.0000E-06,3.0000E-06,3.0000E-06,3.0000E-06,3.0000E-06,3.0000E-06
54770.0000,NaN,3.0000E-06,3.0000E-06,3.0000E-06,3.0000E-06,3.0000E-06,3.0000E-06,3.0000E-06,3.0000E-06,3.0000E-06
54771.0000,NaN,3.0000E-06,3.0000E-06,3.0000E-06,3.0000E-06,3.0000E-06,3.0000E-06,3.0000E-06,3.0000E-06,3.0000E-06
54772.0000,NaN,3.0000E-06,3.0000E-06,3.0000E-06,3.0000E-06,3.0000E-06,3.0000E-06,3.0000E-06,3.0000E-06,3.0000E-06
54773.0000,NaN,3.0000E-06,3.0000E-06,3.0000E-06,3.0000E-06,3.0000E-06,3.0000E-06,3.0000E-06,3.0000E-06,3.0000E-06
54774.0000,NaN,3.0000E-06,3.0000E-06,3.0000E-06,3.0000E-06,3.0000E-06,3.0000E-06,3.0000E-06,3.0000E-06,3.0000E-06
54775.0000,NaN,3.0000E-06,3.0000E-06,3.0000E-06,3.0000E-06,3.0000E-06,3.0000E-06,3.0000E-06,3.0000E-06,3.0000E-06
54776.0000,NaN,3.0000E-06,3.0000E-06,3.0000E-06,3.0000E-06,3.0000E-06,3.0000E-06,3.0000E-06,3.0000E-06,3.0000E-06
54777.0000,NaN,3.0000E-06,3.0000E-06,3.0000E-06,3.0000E-06,3.0000E-06,3.0000E-06,3.0000E-06,3.0000E-06,3.0000E-06
54778.0000,NaN,3.0000E-06,3.0000E-06,3.0000E-06,3.0000E-06,3.0000E-06,3.0000E-06,3.0000E-06,3.0000E-06,3.0000E-06
54779.0000,NaN,3.0000E-06,3.0000E-06,3.0000E-06,3.0000E-06,3.0000E-06,3.0000E-06,3.0000E-06,3.0000E-06,3.0000E-06
54780.0000,NaN,3.0000E-06,3.0000E-06,3.0000E-06,3.0000E-06,3.0000E-06,3.0000E-06,3.0000E-06,3.0000E-06,3.0000E-06
54781.0000,NaN,3.0000E-06,3.0000E-06,3.0000E-06,3.0000E-06,3.0000E-06,3.0000E-06,3.0000E-06,3.0000E-06,3.0000E-06
54782.0000,NaN,3.0000E-06,3.0000E-06,3.0000E-06,3.0000E-06,3.0000E-06,3.0000E-06,3.0000E-06,3.0000E-06,3.0000E-06
54783.0000,NaN,3.0000E-06,3.0000E-06,3.0000E-06,3.0000E-06,3.0000E-06,3.0000E-06,3.0000E-06,3.0000E-06,3.0000E-06
54784.0000,NaN,3.0000E-06,3.0000E-06,3.0000E-06,3.0000E-06,3.0000E-06,3.0000E-06,3.0000E-06,3.0000E-06,3.0000E-06
54785.0000,NaN,3.0000E-06,3.0000E-06,3.0000E-06,3.0000E-06,3.0000E-06,3.0000E-06,3.0000E-06,3.0000E-06,3.0000E-06
54786.0000,NaN,3.0000E-06,3.0000E-06,3.0000E-06,3.0000E-06,3.0000E-06,3.0000E-06,3.0000E-06,3.0000E-06,3.0000E-06
