"",-9.000,-8.000,-7.000,-6.000,-5.000,-4.000,-3.000,-2.000,-1.000,0.000
54421.0000,NaN,4.0000E+00,4.0000E+00,4.0000E+00,4.0000E+00,4.0000E+00,4.0000E+00,4.0000E+00,4.0000E+00,4.0000E+00
54422.0000,NaN,4.0057E+00,4.0026E+00,4.0020E+00,4.0019E+00,4.0028E+00,4.0058E+00,4.0145E+00,4.0381E+00,0.0000E+00
54423.0000,NaN,4.0106E+00,4.0052E+00,4.0040E+00,4.0040E+00,4.0062E+00,4.0133E+00,4.0335E+00,4.0247E+00,0.0000E+00
54424.0000,NaN,4.0152E+00,4.0078E+00,4.0060E+00,4.0061E+00,4.0084E+00,3.7912E+00,3.1378E+00,3.0937E+00,0.0000E+00
54425.0000,NaN,4.0195E+00,4.0103E+00,3.9974E+00,3.8835E+00,3.4884E+00,3.4615E+00,3.4602E+00,3.1557E+00,4.4409E-16
54426.0000,NaN,3.8959E+00,3.7542E+00,3.6444E+00,3.6433E+00,3.6424E+00,3.5090E+00,3.4584E+00,3.1290E+00,0.0000E+00
54427.0000,NaN,3.6828E+00,3.6828E+00,3.6566E+00,3.6450E+00,3.6414E+00,3.5176E+00,3.4609E+00,3.0934E+00,0.0000E+00
54428.0000,NaN,3.6881E+00,3.6850E+00,3.6597E+00,3.6466E+00,3.6418E+00,3.5247E+00,3.4640E+00,3.0579E+00,0.0000E+00
54429.0000,NaN,3.6930E+00,3.6873E+00,3.6620E+00,3.6482E+00,3.6420E+00,3.5310E+00,3.4657E+00,3.0196E+00,0.0000E+00
54430.0000,NaN,3.6976E+00,3.6895E+00,3.6642E+00,3.6498E+00,3.6419E+00,3.5372E+00,3.4660E+00,2.9811E+00,0.0000E+00
54431.0000,NaN,3.7020E+00,3.6917E+00,3.6662E+00,3.6514E+00,3.6413E+00,3.5429E+00,3.4638E+00,2.9407E+00,0.0000E+00
54432.0000,NaN,3.7061E+00,3.6938E+00,3.6681E+00,3.6528E+00,3.6400E+00,3.5480E+00,3.4574E+00,2.8962E+00,0.0000E+00
54433.0000,NaN,3.7100E+00,3.6958E+00,3.6700E+00,3.6543E+00,3.6382E+00,3.5530E+00,3.4485E+00,2.8533E+00,0.0000E+00
54434.0000,NaN,3.7138E+00,3.6977E+00,3.6718E+00,3.6557E+00,3.6361E+00,3.5581E+00,3.4373E+00,2.8138E+00,0.0000E+00
54435.0000,NaN,3.7174E+00,3.6995E+00,3.6736E+00,3.6571E+00,3.6335E+00,3.5632E+00,3.4246E+00,2.7815E+00,0.0000E+00
54436.0000,NaN,3.7208E+00,3.7011E+00,3.6754E+00,3.6584E+00,3.6297E+00,3.5669E+00,3.4078E+00,2.7508E+00,0.0000E+00
54437.0000,NaN,3.7239E+00,3.7024E+00,3.6772E+00,3.6595E+00,3.6243E+00,3.5684E+00,3.3882E+00,2.7269E+00,2.2204E-16
54438.0000,NaN,3.7267E+00,3.7034E+00,3.6787E+00,3.6603E+00,3.6166E+00,3.5658E+00,3.3668E+00,2.7119E+00,0.0000E+00
54439.0000,NaN,3.7290E+00,3.7039E+00,3.6798E+00,3.6602E+00,3.6056E+00,3.5575E+00,3.3485E+00,2.7119E+00,0.0000E+00
54440.0000,NaN,3.7305E+00,3.7038E+00,3.6794E+00,3.6571E+00,3.5883E+00,3.5393E+00,3.3304E+00,2.7129E+00,2.2204E-16
54441.0000,NaN,3.7305E+00,3.7021E+00,3.6750E+00,3.6462E+00,3.5625E+00,3.5113E+00,3.3166E+00,2.7218E+00,0.0000E+00
54442.0000,NaN,3.7279E+00,3.6948E+00,3.6574E+00,3.6192E+00,3.5292E+00,3.4782E+00,3.3096E+00,2.7458E+00,0.0000E+00
54443.0000,NaN,3.7158E+00,3.6675E+00,3.6117E+00,3.5711E+00,3.4918E+00,3.4446E+00,3.3036E+00,2.7743E+00,-2.2204E-16
54444.0000,NaN,3.6651E+00,3.6026E+00,3.5449E+00,3.5119E+00,3.4526E+00,3.4132E+00,3.2991E+00,2.8105E+00,0.0000E+00
54445.0000,NaN,3.5548E+00,3.5191E+00,3.4859E+00,3.4611E+00,3.4168E+00,3.3843E+00,3.2958E+00,2.8534E+00,-2.2204E-16
54446.0000,NaN,3.4553E+00,3.4476E+00,3.4378E+00,3.4228E+00,3.3887E+00,3.3598E+00,3.2862E+00,2.8783E+00,-2.2204E-16
54447.0000,NaN,3.3890E+00,3.3879E+00,3.3861E+00,3.3817E+00,3.3642E+00,3.3421E+00,3.2772E+00,2.8877E+00,0.0000E+00
54448.0000,NaN,3.3306E+00,3.3303E+00,3.3296E+00,3.3285E+00,3.3248E+00,3.3175E+00,3.2799E+00,2.9164E+00,2.2204E-16
54449.0000,NaN,3.2721E+00,3.2720E+00,3.2717E+00,3.2710E+00,3.2696E+00,3.2669E+00,3.2578E+00,2.9809E+00,0.0000E+00
54450.0000,NaN,3.2138E+00,3.2137E+00,3.2132E+00,3.2122E+00,3.2108E+00,3.2083E+00,3.2009E+00,2.9938E+00,0.0000E+00
54451.0000,NaN,3.1451E+00,3.1449E+00,3.1441E+00,3.1424E+00,3.1391E+00,3.1340E+00,3.1254E+00,2.9695E+00,0.0000E+00
54452.0000,NaN,3.0939E+00,3.0936E+00,3.0929E+00,3.0916E+00,3.0894E+00,3.0853E+00,3.0754E+00,2.9798E+00,0.0000E+00
54453.0000,NaN,3.0575E+00,3.0573E+00,3.0568E+00,3.0556E+00,3.0536E+00,3.0503E+00,3.0442E+00,2.9360E+00,0.0000E+00
54454.0000,NaN,3.0213E+00,3.0212E+00,3.0207E+00,3.0197E+00,3.0181E+00,3.0148E+00,3.0045E+00,2.9396E+00,0.0000E+00
54455.0000,NaN,2.9943E+00,2.9942E+00,2.9938E+00,2.9931E+00,2.9918E+00,2.9898E+00,2.9864E+00,2.8990E+00,0.0000E+00
54456.0000,NaN,2.9749E+00,2.9748E+00,2.9745E+00,2.9740E+00,2.9732E+00,2.9714E+00,2.9573E+00,2.8882E+00,0.0000E+00
54457.0000,NaN,2.9516E+00,2.9515E+00,2.9512E+00,2.9504E+00,2.9491E+00,2.9470E+00,2.9437E+00,2.8261E+00,0.0000E+00
54458.0000,NaN,2.9414E+00,2.9414E+00,2.9412E+00,2.9409E+00,2.9404E+00,2.9395E+00,2.9283E+00,2.8527E+00,0.0000E+00
54459.0000,NaN,2.9317E+00,2.9316E+00,2.9314E+00,2.9311E+00,2.9303E+00,2.9286E+00,2.9260E+00,2.8013E+00,0.0000E+00
54460.0000,NaN,2.9233E+00,2.9232E+00,2.9231E+00,2.9228E+00,2.9223E+00,2.9216E+00,2.9141E+00,2.8221E+00,0.0000E+00
54461.0000,NaN,2.9214E+00,2.9214E+00,2.9213E+00,2.9211E+00,2.9209E+00,2.9202E+00,2.9188E+00,2.7524E+00,0.0000E+00
54462.0000,NaN,2.9260E+00,2.9260E+00,2.9260E+00,2.9261E+00,2.9262E+00,2.9264E+00,2.9264E+00,2.7439E+00,0.0000E+00
54463.0000,NaN,2.9302E+00,2.9302E+00,2.9303E+00,2.9303E+00,2.9305E+00,2.9307E+00,2.9303E+00,2.7124E+00,0.0000E+00
54464.0000,NaN,2.9296E+00,2.9296E+00,2.9295E+00,2.9294E+00,2.9293E+00,2.9290E+00,2.9276E+00,2.7202E+00,0.0000E+00
54465.0000,NaN,2.9187E+00,2.9186E+00,2.9184E+00,2.9179E+00,2.9172E+00,2.9158E+00,2.9124E+00,2.7235E+00,0.0000E+00
54466.0000,NaN,2.8991E+00,2.8989E+00,2.8985E+00,2.8978E+00,2.8965E+00,2.8943E+00,2.8888E+00,2.7247E+00,0.0000E+00
54467.0000,NaN,2.8770E+00,2.8768E+00,2.8764E+00,2.8755E+00,2.8740E+00,2.8711E+00,2.8631E+00,2.7090E+00,0.0000E+00
54468.0000,NaN,2.8577E+00,2.8576E+00,2.8572E+00,2.8564E+00,2.8550E+00,2.8523E+00,2.8438E+00,2.7067E+00,0.0000E+00
54469.0000,NaN,2.8412E+00,2.8411E+00,2.8407E+00,2.8400E+00,2.8386E+00,2.8354E+00,2.8251E+00,2.6881E+00,0.0000E+00
54470.0000,NaN,2.8262E+00,2.8261E+00,2.8257E+00,2.8251E+00,2.8239E+00,2.8216E+00,2.8126E+00,2.6861E+00,0.0000E+00
54471.0000,NaN,2.8108E+00,2.8107E+00,2.8104E+00,2.8096E+00,2.8083E+00,2.8047E+00,2.7911E+00,2.6533E+00,0.0000E+00
54472.0000,NaN,2.8020E+00,2.8020E+00,2.8017E+00,2.8013E+00,2.8005E+00,2.7991E+00,2.7903E+00,2.6685E+00,0.0000E+00
54473.0000,NaN,2.7988E+00,2.7987E+00,2.7986E+00,2.7984E+00,2.7980E+00,2.7960E+00,2.7741E+00,2.6389E+00,0.0000E+00
54474.0000,NaN,2.7948E+00,2.7947E+00,2.7946E+00,2.7943E+00,2.7937E+00,2.7926E+00,2.7823E+00,2.6455E+00,0.0000E+00
54475.0000,NaN,2.7957E+00,2.7957E+00,2.7957E+00,2.7956E+00,2.7956E+00,2.7952E+00,2.7799E+00,2.6321E+00,0.0000E+00
54476.0000,NaN,2.7947E+00,2.7946E+00,2.7946E+00,2.7944E+00,2.7940E+00,2.7932E+00,2.7835E+00,2.6247E+00,0.0000E+00
54477.0000,NaN,2.7902E+00,2.7901E+00,2.7899E+00,2.7896E+00,2.7892E+00,2.7884E+00,2.7709E+00,2.5709E+00,0.0000E+00
54478.0000,NaN,2.7859E+00,2.7858E+00,2.7856E+00,2.7853E+00,2.7847E+00,2.7835E+00,2.7719E+00,2.5616E+00,0.0000E+00
54479.0000,NaN,2.7842E+00,2.7841E+00,2.7840E+00,2.7839E+00,2.7836E+00,2.7829E+00,2.7582E+00,2.5287E+00,0.0000E+00
54480.0000,NaN,2.7822E+00,2.7822E+00,2.7821E+00,2.7818E+00,2.7814E+00,2.7801E+00,2.7677E+00,2.5410E+00,0.0000E+00
54481.0000,NaN,2.7844E+00,2.7843E+00,2.7843E+00,2.7843E+00,2.7843E+00,2.7843E+00,2.7618E+00,2.5396E+00,0.0000E+00
54482.0000,NaN,2.7858E+00,2.7858E+00,2.7857E+00,2.7857E+00,2.7856E+00,2.7849E+00,2.7703E+00,2.5557E+00,0.0000E+00
54483.0000,NaN,2.7863E+00,2.7863E+00,2.7862E+00,2.7862E+00,2.7860E+00,2.7857E+00,2.7752E+00,2.5586E+00,0.0000E+00
54484.0000,NaN,2.7835E+00,2.7834E+00,2.7833E+00,2.7831E+00,2.7826E+00,2.7815E+00,2.7717E+00,2.5659E+00,0.0000E+00
54485.0000,NaN,2.7817E+00,2.7817E+00,2.7815E+00,2.7813E+00,2.7810E+00,2.7804E+00,2.7730E+00,2.5817E+00,0.0000E+00
54486.0000,NaN,2.7817E+00,2.7817E+00,2.7816E+00,2.7815E+00,2.7813E+00,2.7806E+00,2.7743E+00,2.5966E+00,0.0000E+00
54487.0000,NaN,2.7831E+00,2.7830E+00,2.7830E+00,2.7830E+00,2.7829E+00,2.7827E+00,2.7781E+00,2.6026E+00,0.0000E+00
54488.0000,NaN,2.7851E+00,2.7851E+00,2.7850E+00,2.7850E+00,2.7850E+00,2.7848E+00,2.7811E+00,2.6137E+00,0.0000E+00
54489.0000,NaN,2.7881E+00,2.7881E+00,2.7881E+00,2.7882E+00,2.7883E+00,2.7883E+00,2.7861E+00,2.6183E+00,0.0000E+00
54490.0000,NaN,2.7914E+00,2.7914E+00,2.7914E+00,2.7915E+00,2.7916E+00,2.7916E+00,2.7893E+00,2.6280E+00,0.0000E+00
54491.0000,NaN,2.7941E+00,2.7941E+00,2.7941E+00,2.7942E+00,2.7942E+00,2.7942E+00,2.7926E+00,2.6229E+00,0.0000E+00
54492.0000,NaN,2.7992E+00,2.7992E+00,2.7992E+00,2.7994E+00,2.7996E+00,2.7999E+00,2.7988E+00,2.6397E+00,0.0000E+00
54493.0000,NaN,2.8053E+00,2.8054E+00,2.8055E+00,2.8057E+00,2.8061E+00,2.8067E+00,2.8074E+00,2.6363E+00,0.0000E+00
54494.0000,NaN,2.8133E+00,2.8133E+00,2.8135E+00,2.8138E+00,2.8143E+00,2.8149E+00,2.8155E+00,2.6536E+00,0.0000E+00
54495.0000,NaN,2.8212E+00,2.8212E+00,2.8214E+00,2.8217E+00,2.8222E+00,2.8227E+00,2.8230E+00,2.6424E+00,0.0000E+00
54496.0000,NaN,2.8271E+00,2.8271E+00,2.8272E+00,2.8274E+00,2.8277E+00,2.8280E+00,2.8281E+00,2.6492E+00,0.0000E+00
54497.0000,NaN,2.8321E+00,2.8321E+00,2.8321E+00,2.8323E+00,2.8326E+00,2.8330E+00,2.8331E+00,2.6293E+00,-2.2204E-16
54498.0000,NaN,2.8358E+00,2.8358E+00,2.8359E+00,2.8360E+00,2.8362E+00,2.8364E+00,2.8364E+00,2.6153E+00,0.0000E+00
54499.0000,NaN,2.8418E+00,2.8418E+00,2.8419E+00,2.8421E+00,2.8425E+00,2.8429E+00,2.8429E+00,2.6093E+00,-2.2204E-16
54500.0000,NaN,2.8633E+00,2.8635E+00,2.8641E+00,2.8654E+00,2.8675E+00,2.8706E+00,2.8742E+00,2.7057E+00,0.0000E+00
54501.0000,NaN,2.8788E+00,2.8789E+00,2.8793E+00,2.8801E+00,2.8813E+00,2.8827E+00,2.8855E+00,2.7086E+00,0.0000E+00
54502.0000,NaN,2.8912E+00,2.8913E+00,2.8916E+00,2.8921E+00,2.8923E+00,2.8925E+00,2.8926E+00,2.7158E+00,0.0000E+00
54503.0000,NaN,2.8972E+00,2.8972E+00,2.8973E+00,2.8975E+00,2.8976E+00,2.8976E+00,2.8976E+00,2.7290E+00,0.0000E+00
54504.0000,NaN,2.9015E+00,2.9015E+00,2.9015E+00,2.9017E+00,2.9032E+00,2.9088E+00,2.9165E+00,2.7488E+00,0.0000E+00
54505.0000,NaN,2.9049E+00,2.9049E+00,2.9049E+00,2.9050E+00,2.9063E+00,2.9164E+00,2.9343E+00,2.7358E+00,0.0000E+00
54506.0000,NaN,2.9096E+00,2.9096E+00,2.9097E+00,2.9100E+00,2.9112E+00,2.9252E+00,2.9574E+00,2.7422E+00,0.0000E+00
54507.0000,NaN,2.9179E+00,2.9180E+00,2.9183E+00,2.9189E+00,2.9207E+00,2.9323E+00,2.9771E+00,2.7446E+00,0.0000E+00
54508.0000,NaN,2.9412E+00,2.9414E+00,2.9423E+00,2.9439E+00,2.9472E+00,2.9545E+00,2.9706E+00,2.7412E+00,0.0000E+00
54509.0000,NaN,2.9673E+00,2.9675E+00,2.9682E+00,2.9692E+00,2.9702E+00,2.9718E+00,2.9732E+00,2.7315E+00,0.0000E+00
54510.0000,NaN,2.9657E+00,2.9656E+00,2.9655E+00,2.9654E+00,2.9653E+00,2.9652E+00,2.9650E+00,2.7104E+00,0.0000E+00
54511.0000,NaN,2.9598E+00,2.9597E+00,2.9594E+00,2.9587E+00,2.9574E+00,2.9566E+00,2.9551E+00,2.7601E+00,0.0000E+00
54512.0000,NaN,2.9614E+00,2.9613E+00,2.9613E+00,2.9613E+00,2.9615E+00,2.9643E+00,2.9704E+00,2.7389E+00,0.0000E+00
54513.0000,NaN,2.9648E+00,2.9648E+00,2.9648E+00,2.9650E+00,2.9658E+00,2.9725E+00,2.9914E+00,2.7382E+00,0.0000E+00
54514.0000,NaN,2.9710E+00,2.9711E+00,2.9713E+00,2.9718E+00,2.9730E+00,2.9794E+00,3.0123E+00,2.7355E+00,0.0000E+00
54515.0000,NaN,3.0042E+00,3.0046E+00,3.0060E+00,3.0087E+00,3.0129E+00,3.0183E+00,3.0517E+00,2.8750E+00,0.0000E+00
54516.0000,NaN,3.0498E+00,3.0503E+00,3.0517E+00,3.0540E+00,3.0558E+00,3.0571E+00,3.0602E+00,2.9124E+00,0.0000E+00
54517.0000,NaN,3.0827E+00,3.0829E+00,3.0837E+00,3.0842E+00,3.0844E+00,3.0845E+00,3.0847E+00,2.9259E+00,0.0000E+00
54518.0000,NaN,3.1286E+00,3.1290E+00,3.1301E+00,3.1309E+00,3.1315E+00,3.1320E+00,3.1324E+00,3.0261E+00,0.0000E+00
54519.0000,NaN,3.1354E+00,3.1355E+00,3.1356E+00,3.1386E+00,3.1502E+00,3.1819E+00,3.2635E+00,3.2987E+00,0.0000E+00
54520.0000,NaN,3.1408E+00,3.1408E+00,3.1410E+00,3.1456E+00,3.1691E+00,3.2313E+00,3.3957E+00,3.5878E+00,0.0000E+00
54521.0000,NaN,3.1469E+00,3.1470E+00,3.1474E+00,3.1530E+00,3.1893E+00,3.2845E+00,3.5380E+00,3.8945E+00,0.0000E+00
54522.0000,NaN,3.1550E+00,3.1551E+00,3.1556E+00,3.1614E+00,3.2105E+00,3.3418E+00,3.6903E+00,4.2146E+00,0.0000E+00
54523.0000,NaN,3.1663E+00,3.1664E+00,3.1671E+00,3.1728E+00,3.2317E+00,3.4127E+00,3.8479E+00,4.5495E+00,0.0000E+00
54524.0000,NaN,3.1842E+00,3.1845E+00,3.1853E+00,3.1914E+00,3.2604E+00,3.5543E+00,3.9475E+00,4.8756E+00,0.0000E+00
54525.0000,NaN,3.2694E+00,3.2706E+00,3.2745E+00,3.2939E+00,3.4522E+00,3.7508E+00,3.8595E+00,5.1584E+00,0.0000E+00
54526.0000,NaN,3.6086E+00,3.6133E+00,3.6272E+00,3.6589E+00,3.7532E+00,3.7909E+00,3.7957E+00,5.5236E+00,0.0000E+00
54527.0000,NaN,3.9947E+00,3.9982E+00,4.0048E+00,4.0090E+00,4.0166E+00,4.0181E+00,4.0188E+00,5.7495E+00,0.0000E+00
54528.0000,NaN,4.0995E+00,4.1003E+00,4.1015E+00,4.1024E+00,4.1058E+00,4.1230E+00,4.1787E+00,6.0707E+00,0.0000E+00
54529.0000,NaN,4.1047E+00,4.1047E+00,4.1050E+00,4.1076E+00,4.1171E+00,4.1533E+00,4.2824E+00,6.0973E+00,8.8818E-16
54530.0000,NaN,4.1080E+00,4.1080E+00,4.1081E+00,4.1119E+00,4.1270E+00,4.1788E+00,4.3721E+00,6.0895E+00,0.0000E+00
54531.0000,NaN,4.1115E+00,4.1114E+00,4.1116E+00,4.1167E+00,4.1381E+00,4.2078E+00,4.4702E+00,6.1068E+00,0.0000E+00
54532.0000,NaN,4.1154E+00,4.1153E+00,4.1157E+00,4.1218E+00,4.1504E+00,4.2403E+00,4.5762E+00,6.1481E+00,0.0000E+00
54533.0000,NaN,4.1201E+00,4.1201E+00,4.1206E+00,4.1272E+00,4.1623E+00,4.2725E+00,4.6802E+00,6.1852E+00,0.0000E+00
54534.0000,NaN,4.1270E+00,4.1271E+00,4.1276E+00,4.1344E+00,4.1743E+00,4.3075E+00,4.7905E+00,6.2414E+00,0.0000E+00
54535.0000,NaN,4.1414E+00,4.1416E+00,4.1424E+00,4.1507E+00,4.1943E+00,4.3724E+00,4.9833E+00,6.5247E+00,0.0000E+00
54536.0000,NaN,4.1637E+00,4.1640E+00,4.1652E+00,4.1730E+00,4.2060E+00,4.4120E+00,5.1125E+00,6.5533E+00,0.0000E+00
54537.0000,NaN,4.2009E+00,4.2014E+00,4.2032E+00,4.2115E+00,4.2410E+00,4.4800E+00,5.3462E+00,6.8319E+00,0.0000E+00
54538.0000,NaN,4.2333E+00,4.2338E+00,4.2354E+00,4.2415E+00,4.2639E+00,4.4749E+00,5.4157E+00,6.6812E+00,0.0000E+00
54539.0000,NaN,4.2724E+00,4.2730E+00,4.2751E+00,4.2822E+00,4.3093E+00,4.5294E+00,5.6560E+00,7.1440E+00,-8.8818E-16
54540.0000,NaN,4.3153E+00,4.3160E+00,4.3185E+00,4.3260E+00,4.3552E+00,4.5788E+00,5.8821E+00,7.5372E+00,8.8818E-16
54541.0000,NaN,4.3518E+00,4.3524E+00,4.3547E+00,4.3620E+00,4.3941E+00,4.6303E+00,6.0811E+00,7.8761E+00,8.8818E-16
54542.0000,NaN,4.3896E+00,4.3902E+00,4.3927E+00,4.4012E+00,4.4410E+00,4.7170E+00,6.3557E+00,8.4090E+00,0.0000E+00
54543.0000,NaN,4.4276E+00,4.4283E+00,4.4308E+00,4.4397E+00,4.4857E+00,4.8037E+00,6.6179E+00,8.8018E+00,0.0000E+00
54544.0000,NaN,4.4619E+00,4.4626E+00,4.4649E+00,4.4746E+00,4.5256E+00,4.9023E+00,6.8928E+00,9.2720E+00,0.0000E+00
54545.0000,NaN,4.4969E+00,4.4975E+00,4.5001E+00,4.5102E+00,4.5815E+00,5.0228E+00,7.1986E+00,7.3919E+00,0.0000E+00
54546.0000,NaN,4.5268E+00,4.5273E+00,4.5295E+00,4.5403E+00,4.6003E+00,5.1167E+00,7.3451E+00,5.9953E+00,0.0000E+00
54547.0000,NaN,4.5563E+00,4.5569E+00,4.5591E+00,4.5684E+00,4.6875E+00,5.2682E+00,7.6266E+00,7.0740E+00,-8.8818E-16
54548.0000,NaN,4.5876E+00,4.5882E+00,4.5905E+00,4.6055E+00,4.7021E+00,5.4296E+00,7.9423E+00,8.0226E+00,0.0000E+00
54549.0000,NaN,4.6200E+00,4.6207E+00,4.6236E+00,4.6348E+00,4.7729E+00,5.5872E+00,8.2343E+00,8.8379E+00,3.7541E+00
54550.0000,NaN,4.6388E+00,4.6391E+00,4.6403E+00,4.6542E+00,4.8179E+00,5.7701E+00,8.6052E+00,9.7751E+00,5.0448E+00
54551.0000,NaN,4.6895E+00,4.6908E+00,4.6977E+00,4.7381E+00,5.0535E+00,5.7208E+00,9.0199E+00,1.0683E+01,5.7983E+00
54552.0000,NaN,4.7883E+00,4.7911E+00,4.7994E+00,4.8515E+00,5.1512E+00,5.7914E+00,9.4231E+00,1.1553E+01,7.2454E+00
54553.0000,NaN,4.8050E+00,4.8053E+00,4.8092E+00,4.8694E+00,5.2231E+00,5.8356E+00,9.5520E+00,1.1737E+01,6.8288E+00
54554.0000,NaN,4.8310E+00,4.8321E+00,4.8377E+00,4.9254E+00,5.3744E+00,5.8969E+00,9.9128E+00,1.2475E+01,1.0007E+01
54555.0000,NaN,4.8580E+00,4.8588E+00,4.8632E+00,5.0431E+00,5.5082E+00,5.8394E+00,1.0056E+01,1.2664E+01,1.0128E+01
54556.0000,NaN,4.9500E+00,4.9536E+00,4.9786E+00,5.1560E+00,5.5862E+00,5.8321E+00,1.0191E+01,1.2855E+01,1.0592E+01
54557.0000,NaN,5.1261E+00,5.1293E+00,5.1416E+00,5.3476E+00,5.6470E+00,5.8148E+00,1.0379E+01,1.3151E+01,1.0613E+01
54558.0000,NaN,5.3040E+00,5.3075E+00,5.3833E+00,5.4747E+00,5.6719E+00,5.9397E+00,1.0755E+01,1.3925E+01,1.2376E+01
54559.0000,NaN,5.4348E+00,5.4359E+00,5.4390E+00,5.5706E+00,5.7175E+00,6.0367E+00,1.1108E+01,1.4651E+01,1.4196E+01
54560.0000,NaN,5.4796E+00,5.4811E+00,5.5952E+00,5.6506E+00,5.8208E+00,6.1746E+00,1.1487E+01,1.5375E+01,1.5286E+01
54561.0000,NaN,5.5684E+00,5.5735E+00,5.5878E+00,5.8074E+00,5.9002E+00,6.3591E+00,1.1951E+01,1.6450E+01,1.6582E+01
54562.0000,NaN,5.6294E+00,5.6311E+00,5.7047E+00,5.8102E+00,6.0533E+00,6.4832E+00,1.2440E+01,1.7268E+01,1.6326E+01
54563.0000,NaN,5.7012E+00,5.7028E+00,5.7112E+00,5.9719E+00,6.1100E+00,6.7263E+00,1.3117E+01,1.8035E+01,1.5229E+01
54564.0000,NaN,5.7951E+00,5.7960E+00,5.8502E+00,5.9342E+00,6.2438E+00,6.8910E+00,1.3599E+01,1.7546E+01,1.4837E+01
54565.0000,NaN,5.9144E+00,5.9161E+00,5.9217E+00,6.1020E+00,6.2918E+00,7.1156E+00,1.4211E+01,1.6996E+01,1.3620E+01
54566.0000,NaN,6.0401E+00,6.0410E+00,6.0851E+00,6.1409E+00,6.5260E+00,7.2711E+00,1.4576E+01,1.6442E+01,1.5017E+01
54567.0000,NaN,6.1762E+00,6.1779E+00,6.1817E+00,6.3776E+00,6.5879E+00,7.3762E+00,1.4882E+01,1.6306E+01,1.4573E+01
54568.0000,NaN,6.3323E+00,6.3337E+00,6.3839E+00,6.4389E+00,6.9681E+00,7.4793E+00,1.5150E+01,1.6159E+01,1.4572E+01
54569.0000,NaN,6.4498E+00,6.4510E+00,6.4538E+00,6.5914E+00,6.9065E+00,7.6804E+00,1.5325E+01,1.5988E+01,1.5396E+01
54570.0000,NaN,6.5614E+00,6.5623E+00,6.5968E+00,6.6834E+00,7.3180E+00,7.8491E+00,1.5094E+01,1.5715E+01,1.5417E+01
54571.0000,NaN,6.6805E+00,6.6820E+00,6.6853E+00,6.8502E+00,7.4389E+00,8.1388E+00,1.5620E+01,1.6381E+01,1.6244E+01
54572.0000,NaN,6.8082E+00,6.8094E+00,6.8384E+00,7.0358E+00,7.9698E+00,8.4918E+00,1.5975E+01,1.6810E+01,1.6631E+01
54573.0000,NaN,6.8790E+00,6.8796E+00,6.8811E+00,7.0961E+00,7.8719E+00,8.8449E+00,1.6264E+01,1.7030E+01,1.6949E+01
54574.0000,NaN,6.9751E+00,6.9762E+00,7.0117E+00,7.2309E+00,8.0458E+00,9.6604E+00,1.6820E+01,1.7106E+01,1.7056E+01
54575.0000,NaN,7.1359E+00,7.1380E+00,7.1436E+00,7.3735E+00,8.4610E+00,1.0890E+01,1.7133E+01,1.7433E+01,1.7413E+01
54576.0000,NaN,7.4185E+00,7.4203E+00,7.5665E+00,7.7833E+00,8.5863E+00,1.1942E+01,1.7171E+01,1.7917E+01,1.7847E+01
54577.0000,NaN,7.9089E+00,7.9129E+00,7.9227E+00,8.1940E+00,8.9148E+00,1.2253E+01,1.7794E+01,1.8223E+01,1.8206E+01
54578.0000,NaN,8.2875E+00,8.2886E+00,8.3690E+00,8.6208E+00,9.3687E+00,1.2824E+01,1.7433E+01,1.7568E+01,1.7559E+01
54579.0000,NaN,8.9037E+00,8.9104E+00,8.9183E+00,9.4977E+00,1.0584E+01,1.3411E+01,1.6372E+01,1.6724E+01,1.6699E+01
54580.0000,NaN,9.7666E+00,9.7727E+00,9.9235E+00,1.0426E+01,1.1264E+01,1.2893E+01,1.6608E+01,1.6859E+01,1.6852E+01
54581.0000,NaN,1.0022E+01,1.0023E+01,1.0025E+01,1.0706E+01,1.1658E+01,1.3174E+01,1.7079E+01,1.7363E+01,1.7361E+01
54582.0000,NaN,1.0201E+01,1.0202E+01,1.0292E+01,1.0828E+01,1.2065E+01,1.3667E+01,1.6143E+01,1.6065E+01,1.6048E+01
54583.0000,NaN,1.0324E+01,1.0325E+01,1.0330E+01,1.1177E+01,1.2651E+01,1.3995E+01,1.4719E+01,1.4671E+01,1.4637E+01
54584.0000,NaN,1.0519E+01,1.0521E+01,1.0604E+01,1.1405E+01,1.3037E+01,1.4003E+01,1.4424E+01,1.4412E+01,1.4412E+01
54585.0000,NaN,1.0949E+01,1.0954E+01,1.0969E+01,1.1512E+01,1.3262E+01,1.4394E+01,1.4682E+01,1.4696E+01,1.4696E+01
54586.0000,NaN,1.1336E+01,1.1337E+01,1.1409E+01,1.1826E+01,1.3695E+01,1.4732E+01,1.5248E+01,1.5911E+01,1.4756E+01
54587.0000,NaN,1.1927E+01,1.1931E+01,1.1941E+01,1.2434E+01,1.3786E+01,1.4857E+01,1.5767E+01,1.7123E+01,1.6698E+01
54588.0000,NaN,1.2585E+01,1.2588E+01,1.2650E+01,1.2885E+01,1.3668E+01,1.4748E+01,1.6811E+01,1.8285E+01,1.8312E+01
54589.0000,NaN,1.2980E+01,1.2982E+01,1.2985E+01,1.3223E+01,1.3807E+01,1.4931E+01,1.7316E+01,1.7132E+01,1.5351E+01
54590.0000,NaN,1.3403E+01,1.3405E+01,1.3449E+01,1.3588E+01,1.4016E+01,1.5358E+01,1.6373E+01,1.6220E+01,1.6058E+01
54591.0000,NaN,1.4637E+01,1.4642E+01,1.4657E+01,1.4967E+01,1.5612E+01,1.5928E+01,1.6021E+01,1.6030E+01,1.5934E+01
54592.0000,NaN,1.5779E+01,1.5779E+01,1.5788E+01,1.5811E+01,1.5838E+01,1.5906E+01,1.6779E+01,1.6904E+01,1.6838E+01
54593.0000,NaN,1.6187E+01,1.6187E+01,1.6187E+01,1.6196E+01,1.6417E+01,1.6620E+01,1.7362E+01,1.7927E+01,1.7932E+01
54594.0000,NaN,1.7051E+01,1.7064E+01,1.7136E+01,1.7175E+01,1.7210E+01,1.7297E+01,1.8135E+01,1.8199E+01,1.8211E+01
54595.0000,NaN,1.7394E+01,1.7401E+01,1.7468E+01,1.7512E+01,1.7692E+01,1.7799E+01,1.8236E+01,1.8668E+01,1.8613E+01
54596.0000,NaN,1.7605E+01,1.7610E+01,1.7647E+01,1.7698E+01,1.7767E+01,1.7861E+01,1.8661E+01,1.8739E+01,1.8666E+01
54597.0000,NaN,1.7737E+01,1.7739E+01,1.7755E+01,1.7768E+01,1.7877E+01,1.8123E+01,1.8938E+01,1.8946E+01,1.8919E+01
54598.0000,NaN,1.8012E+01,1.8015E+01,1.8034E+01,1.8107E+01,1.8275E+01,1.8671E+01,1.9551E+01,1.9612E+01,1.9603E+01
54599.0000,NaN,1.8664E+01,1.8667E+01,1.8691E+01,1.8709E+01,1.8815E+01,1.9180E+01,1.9863E+01,1.9939E+01,1.9923E+01
54600.0000,NaN,1.8789E+01,1.8789E+01,1.8790E+01,1.8805E+01,1.8876E+01,1.9212E+01,2.0145E+01,2.0146E+01,2.0135E+01
54601.0000,NaN,1.8899E+01,1.8900E+01,1.8902E+01,1.8904E+01,1.8952E+01,1.9472E+01,1.9636E+01,1.9376E+01,1.9356E+01
54602.0000,NaN,1.9081E+01,1.9081E+01,1.9084E+01,1.9110E+01,1.9144E+01,1.9834E+01,2.0090E+01,2.0092E+01,2.0089E+01
54603.0000,NaN,1.9502E+01,1.9503E+01,1.9509E+01,1.9517E+01,1.9730E+01,2.0210E+01,2.0474E+01,2.0475E+01,2.0475E+01
54604.0000,NaN,1.9722E+01,1.9722E+01,1.9724E+01,1.9750E+01,1.9789E+01,2.0206E+01,2.1092E+01,2.1193E+01,2.1169E+01
54605.0000,NaN,1.9947E+01,1.9947E+01,1.9950E+01,1.9954E+01,2.0229E+01,2.0978E+01,2.1286E+01,2.1298E+01,2.1276E+01
54606.0000,NaN,2.0416E+01,2.0417E+01,2.0421E+01,2.0480E+01,2.0537E+01,2.0673E+01,2.0696E+01,2.0567E+01,2.0429E+01
54607.0000,NaN,2.0521E+01,2.0521E+01,2.0521E+01,2.0522E+01,2.0540E+01,2.0502E+01,2.0459E+01,2.0425E+01,2.0404E+01
54608.0000,NaN,2.0542E+01,2.0542E+01,2.0542E+01,2.0545E+01,2.0546E+01,2.0407E+01,2.0286E+01,2.0265E+01,2.0258E+01
54609.0000,NaN,2.0252E+01,2.0250E+01,2.0239E+01,2.0211E+01,1.9948E+01,1.9782E+01,1.9732E+01,1.9704E+01,1.9673E+01
54610.0000,NaN,2.0135E+01,2.0134E+01,2.0133E+01,2.0129E+01,2.0126E+01,2.0125E+01,2.0126E+01,2.0125E+01,2.0118E+01
54611.0000,NaN,2.0519E+01,2.0519E+01,2.0520E+01,2.0524E+01,2.0526E+01,2.0543E+01,2.0552E+01,2.0553E+01,2.0552E+01
54612.0000,NaN,2.0339E+01,2.0337E+01,2.0332E+01,2.0322E+01,2.0255E+01,2.0124E+01,2.0074E+01,2.0013E+01,1.9970E+01
54613.0000,NaN,2.0502E+01,2.0509E+01,2.0539E+01,2.0565E+01,2.0578E+01,2.0586E+01,2.0593E+01,2.0597E+01,2.0590E+01
54614.0000,NaN,2.0356E+01,2.0352E+01,2.0345E+01,2.0340E+01,2.0336E+01,2.0335E+01,2.0333E+01,2.0331E+01,2.0327E+01
54615.0000,NaN,2.0508E+01,2.0510E+01,2.0522E+01,2.0546E+01,2.0599E+01,2.0701E+01,2.0798E+01,2.0821E+01,2.0808E+01
54616.0000,NaN,1.9985E+01,1.9979E+01,1.9963E+01,1.9934E+01,1.9874E+01,1.9793E+01,1.9745E+01,1.9714E+01,1.9686E+01
54617.0000,NaN,1.9532E+01,1.9530E+01,1.9524E+01,1.9514E+01,1.9499E+01,1.9470E+01,1.9401E+01,1.9364E+01,1.9357E+01
54618.0000,NaN,1.9473E+01,1.9473E+01,1.9473E+01,1.9473E+01,1.9473E+01,1.9473E+01,1.9472E+01,1.9472E+01,1.9471E+01
54619.0000,NaN,1.9504E+01,1.9504E+01,1.9504E+01,1.9505E+01,1.9505E+01,1.9505E+01,1.9504E+01,1.9502E+01,1.9487E+01
54620.0000,NaN,1.9353E+01,1.9349E+01,1.9321E+01,1.9196E+01,1.9056E+01,1.8986E+01,1.8900E+01,1.8772E+01,1.8652E+01
54621.0000,NaN,1.8856E+01,1.8827E+01,1.8716E+01,1.8537E+01,1.8403E+01,1.8322E+01,1.8258E+01,1.8219E+01,1.8193E+01
54622.0000,NaN,1.8357E+01,1.8349E+01,1.8325E+01,1.8303E+01,1.8294E+01,1.8292E+01,1.8291E+01,1.8289E+01,1.8287E+01
54623.0000,NaN,1.8608E+01,1.8609E+01,1.8615E+01,1.8622E+01,1.8625E+01,1.8626E+01,1.8627E+01,1.8627E+01,1.8624E+01
54624.0000,NaN,1.8602E+01,1.8602E+01,1.8601E+01,1.8601E+01,1.8600E+01,1.8597E+01,1.8592E+01,1.8580E+01,1.8560E+01
54625.0000,NaN,1.8749E+01,1.8749E+01,1.8750E+01,1.8754E+01,1.8761E+01,1.8771E+01,1.8775E+01,1.8770E+01,1.8752E+01
54626.0000,NaN,1.8621E+01,1.8621E+01,1.8620E+01,1.8619E+01,1.8616E+01,1.8610E+01,1.8601E+01,1.8593E+01,1.8584E+01
54627.0000,NaN,1.8485E+01,1.8484E+01,1.8469E+01,1.8318E+01,1.8092E+01,1.8023E+01,1.8000E+01,1.7991E+01,1.7987E+01
54628.0000,NaN,1.8595E+01,1.8603E+01,1.8624E+01,1.8661E+01,1.8675E+01,1.8678E+01,1.8679E+01,1.8680E+01,1.8681E+01
54629.0000,NaN,1.8924E+01,1.8929E+01,1.8946E+01,1.8957E+01,1.8958E+01,1.8958E+01,1.8959E+01,1.8959E+01,1.8954E+01
54630.0000,NaN,1.8956E+01,1.8956E+01,1.8956E+01,1.8962E+01,1.8983E+01,1.9023E+01,1.9002E+01,1.8177E+01,1.7860E+01
54631.0000,NaN,1.8964E+01,1.8964E+01,1.8964E+01,1.8966E+01,1.8998E+01,1.9062E+01,1.8616E+01,1.7958E+01,1.7952E+01
54632.0000,NaN,1.8977E+01,1.8977E+01,1.8977E+01,1.8980E+01,1.9034E+01,1.9118E+01,1.8245E+01,1.7986E+01,1.7985E+01
54633.0000,NaN,1.8991E+01,1.8991E+01,1.8992E+01,1.8995E+01,1.9067E+01,1.9124E+01,1.8236E+01,1.7976E+01,1.7766E+01
54634.0000,NaN,1.9017E+01,1.9017E+01,1.9018E+01,1.9023E+01,1.9114E+01,1.9216E+01,1.8309E+01,1.8180E+01,1.8124E+01
54635.0000,NaN,1.9043E+01,1.9044E+01,1.9044E+01,1.9048E+01,1.9148E+01,1.9225E+01,1.8402E+01,1.8279E+01,1.8140E+01
54636.0000,NaN,1.9075E+01,1.9075E+01,1.9075E+01,1.9080E+01,1.9175E+01,1.9006E+01,1.8346E+01,1.8152E+01,1.8063E+01
54637.0000,NaN,1.9100E+01,1.9101E+01,1.9101E+01,1.9104E+01,1.9167E+01,1.8746E+01,1.7657E+01,1.7493E+01,1.7440E+01
54638.0000,NaN,1.9125E+01,1.9125E+01,1.9125E+01,1.9127E+01,1.9149E+01,1.7926E+01,1.7569E+01,1.7554E+01,1.7544E+01
54639.0000,NaN,1.8953E+01,1.8952E+01,1.8947E+01,1.8929E+01,1.8695E+01,1.8104E+01,1.8089E+01,1.8087E+01,1.8084E+01
54640.0000,NaN,1.8762E+01,1.8760E+01,1.8756E+01,1.8747E+01,1.8700E+01,1.8673E+01,1.8685E+01,1.8703E+01,1.8703E+01
54641.0000,NaN,1.8822E+01,1.8823E+01,1.8823E+01,1.8823E+01,1.8827E+01,1.8832E+01,1.8845E+01,1.8844E+01,1.8832E+01
54642.0000,NaN,1.8915E+01,1.8933E+01,1.8934E+01,1.8934E+01,1.8939E+01,1.8958E+01,1.8961E+01,1.8954E+01,1.8942E+01
54643.0000,NaN,1.8750E+01,1.8732E+01,1.8599E+01,1.8406E+01,1.8308E+01,1.8288E+01,1.8254E+01,1.8244E+01,1.8240E+01
54644.0000,NaN,1.8549E+01,1.8544E+01,1.8515E+01,1.8501E+01,1.8501E+01,1.8509E+01,1.8511E+01,1.8511E+01,1.8510E+01
54645.0000,NaN,1.8050E+01,1.8048E+01,1.8041E+01,1.8034E+01,1.8032E+01,1.8025E+01,1.8024E+01,1.8009E+01,1.7965E+01
54646.0000,NaN,1.8229E+01,1.8234E+01,1.8249E+01,1.8286E+01,1.8399E+01,1.8564E+01,1.8707E+01,1.8745E+01,1.8747E+01
54647.0000,NaN,1.8750E+01,1.8756E+01,1.8773E+01,1.8800E+01,1.8880E+01,1.8942E+01,1.8987E+01,1.8995E+01,1.8993E+01
54648.0000,NaN,1.8972E+01,1.8973E+01,1.8976E+01,1.8992E+01,1.9015E+01,1.9052E+01,1.9068E+01,1.9020E+01,1.8930E+01
54649.0000,NaN,1.8996E+01,1.8996E+01,1.8997E+01,1.8997E+01,1.8996E+01,1.8988E+01,1.8973E+01,1.8966E+01,1.8959E+01
54650.0000,NaN,1.8924E+01,1.8918E+01,1.8801E+01,1.8393E+01,1.8329E+01,1.8285E+01,1.8251E+01,1.8235E+01,1.8230E+01
54651.0000,NaN,1.7962E+01,1.7900E+01,1.7732E+01,1.7665E+01,1.7640E+01,1.7616E+01,1.7598E+01,1.7565E+01,1.7502E+01
54652.0000,NaN,1.7629E+01,1.7628E+01,1.7623E+01,1.7622E+01,1.7622E+01,1.7621E+01,1.7621E+01,1.7618E+01,1.7606E+01
54653.0000,NaN,1.7805E+01,1.7805E+01,1.7806E+01,1.7806E+01,1.7807E+01,1.7807E+01,1.7807E+01,1.7807E+01,1.7806E+01
54654.0000,NaN,1.7609E+01,1.7609E+01,1.7607E+01,1.7593E+01,1.7565E+01,1.7531E+01,1.7501E+01,1.7480E+01,1.7467E+01
54655.0000,NaN,1.7438E+01,1.7438E+01,1.7438E+01,1.7435E+01,1.7424E+01,1.7408E+01,1.7394E+01,1.7376E+01,1.7351E+01
54656.0000,NaN,1.6760E+01,1.6759E+01,1.6752E+01,1.6736E+01,1.6691E+01,1.6623E+01,1.6572E+01,1.6546E+01,1.6527E+01
54657.0000,NaN,1.6472E+01,1.6461E+01,1.6433E+01,1.6372E+01,1.6305E+01,1.6277E+01,1.6266E+01,1.6262E+01,1.6260E+01
54658.0000,NaN,1.5949E+01,1.5918E+01,1.5896E+01,1.5889E+01,1.5886E+01,1.5884E+01,1.5883E+01,1.5882E+01,1.5881E+01
54659.0000,NaN,1.5493E+01,1.5488E+01,1.5480E+01,1.5479E+01,1.5478E+01,1.5475E+01,1.5465E+01,1.5397E+01,1.5262E+01
54660.0000,NaN,1.5416E+01,1.5416E+01,1.5415E+01,1.5410E+01,1.5391E+01,1.5349E+01,1.5198E+01,1.4881E+01,1.4454E+01
54661.0000,NaN,1.5268E+01,1.5267E+01,1.5266E+01,1.5245E+01,1.5059E+01,1.4525E+01,1.4290E+01,1.4144E+01,1.4044E+01
54662.0000,NaN,1.4538E+01,1.4534E+01,1.4523E+01,1.4480E+01,1.4394E+01,1.4366E+01,1.4360E+01,1.4352E+01,1.4341E+01
54663.0000,NaN,1.4024E+01,1.4024E+01,1.4023E+01,1.4020E+01,1.4017E+01,1.4016E+01,1.4016E+01,1.4013E+01,1.3996E+01
54664.0000,NaN,1.4043E+01,1.4043E+01,1.4043E+01,1.4043E+01,1.4043E+01,1.4043E+01,1.4041E+01,1.4033E+01,1.4021E+01
54665.0000,NaN,1.4081E+01,1.4082E+01,1.4086E+01,1.4092E+01,1.4101E+01,1.4111E+01,1.4105E+01,1.4088E+01,1.4079E+01
54666.0000,NaN,1.4057E+01,1.4056E+01,1.4053E+01,1.4040E+01,1.4011E+01,1.3990E+01,1.3966E+01,1.3943E+01,1.3921E+01
54667.0000,NaN,1.3989E+01,1.3989E+01,1.3985E+01,1.3979E+01,1.3972E+01,1.3960E+01,1.3944E+01,1.3933E+01,1.3919E+01
54668.0000,NaN,1.4071E+01,1.4071E+01,1.4073E+01,1.4078E+01,1.4089E+01,1.4099E+01,1.4103E+01,1.4102E+01,1.4100E+01
54669.0000,NaN,1.4258E+01,1.4258E+01,1.4262E+01,1.4270E+01,1.4284E+01,1.4294E+01,1.4299E+01,1.4300E+01,1.4299E+01
54670.0000,NaN,1.4243E+01,1.4243E+01,1.4243E+01,1.4243E+01,1.4242E+01,1.4240E+01,1.4237E+01,1.4225E+01,1.4193E+01
54671.0000,NaN,1.4212E+01,1.4212E+01,1.4212E+01,1.4212E+01,1.4212E+01,1.4211E+01,1.4210E+01,1.4208E+01,1.4205E+01
54672.0000,NaN,1.4037E+01,1.4012E+01,1.3968E+01,1.3947E+01,1.3941E+01,1.3938E+01,1.3935E+01,1.3933E+01,1.3930E+01
54673.0000,NaN,1.4039E+01,1.3967E+01,1.3777E+01,1.3724E+01,1.3714E+01,1.3705E+01,1.3685E+01,1.3640E+01,1.3565E+01
54674.0000,NaN,1.4031E+01,1.3839E+01,1.3535E+01,1.3497E+01,1.3492E+01,1.3486E+01,1.3478E+01,1.3468E+01,1.3459E+01
54675.0000,NaN,1.4016E+01,1.3731E+01,1.3600E+01,1.3600E+01,1.3601E+01,1.3603E+01,1.3604E+01,1.3604E+01,1.3602E+01
54676.0000,NaN,1.3939E+01,1.3699E+01,1.3670E+01,1.3672E+01,1.3672E+01,1.3672E+01,1.3672E+01,1.3670E+01,1.3661E+01
54677.0000,NaN,1.3919E+01,1.3673E+01,1.3637E+01,1.3615E+01,1.3546E+01,1.3480E+01,1.3446E+01,1.3427E+01,1.3410E+01
54678.0000,NaN,1.3854E+01,1.3357E+01,1.3102E+01,1.3071E+01,1.3031E+01,1.3021E+01,1.3019E+01,1.3017E+01,1.3015E+01
54679.0000,NaN,1.2687E+01,1.2577E+01,1.2560E+01,1.2552E+01,1.2528E+01,1.2514E+01,1.2507E+01,1.2500E+01,1.2491E+01
54680.0000,NaN,1.2577E+01,1.2576E+01,1.2576E+01,1.2576E+01,1.2581E+01,1.2592E+01,1.2635E+01,1.2436E+01,1.1037E+01
54681.0000,NaN,1.2551E+01,1.2551E+01,1.2550E+01,1.2550E+01,1.2546E+01,1.2524E+01,1.2199E+01,1.1806E+01,1.1698E+01
54682.0000,NaN,1.2015E+01,1.2014E+01,1.2012E+01,1.2007E+01,1.1997E+01,1.1973E+01,1.1923E+01,1.1878E+01,1.1827E+01
54683.0000,NaN,1.1430E+01,1.1430E+01,1.1430E+01,1.1429E+01,1.1426E+01,1.1423E+01,1.1411E+01,1.1357E+01,1.1170E+01
54684.0000,NaN,1.1255E+01,1.1254E+01,1.1251E+01,1.1243E+01,1.1235E+01,1.1226E+01,1.1180E+01,1.1030E+01,1.0961E+01
54685.0000,NaN,1.1132E+01,1.1129E+01,1.1111E+01,1.1060E+01,1.0987E+01,1.0935E+01,1.0927E+01,1.0925E+01,1.0916E+01
54686.0000,NaN,1.1023E+01,1.1019E+01,1.1005E+01,1.0987E+01,1.0977E+01,1.0975E+01,1.0975E+01,1.0975E+01,1.0973E+01
54687.0000,NaN,1.0838E+01,1.0835E+01,1.0816E+01,1.0783E+01,1.0753E+01,1.0739E+01,1.0685E+01,1.0600E+01,1.0576E+01
54688.0000,NaN,1.0378E+01,1.0373E+01,1.0342E+01,1.0233E+01,1.0154E+01,1.0126E+01,1.0078E+01,1.0040E+01,1.0020E+01
54689.0000,NaN,9.8305E+00,9.8277E+00,9.8144E+00,9.8020E+00,9.7944E+00,9.7886E+00,9.7777E+00,9.7636E+00,9.7556E+00
54690.0000,NaN,9.3868E+00,9.3865E+00,9.3852E+00,9.3826E+00,9.3813E+00,9.3799E+00,9.3717E+00,9.3556E+00,9.3421E+00
54691.0000,NaN,8.9997E+00,8.9987E+00,8.9965E+00,8.9906E+00,8.9675E+00,8.9164E+00,8.8637E+00,8.8183E+00,8.7512E+00
54692.0000,NaN,8.6785E+00,8.6756E+00,8.6626E+00,8.6433E+00,8.5948E+00,8.5183E+00,8.4939E+00,8.4842E+00,8.4713E+00
54693.0000,NaN,8.3361E+00,8.3326E+00,8.3228E+00,8.3087E+00,8.2942E+00,8.2769E+00,8.2700E+00,8.2666E+00,8.2610E+00
54694.0000,NaN,8.0336E+00,8.0326E+00,8.0287E+00,8.0239E+00,8.0187E+00,8.0117E+00,8.0036E+00,7.9847E+00,7.9516E+00
54695.0000,NaN,7.6089E+00,7.6056E+00,7.5960E+00,7.5820E+00,7.5685E+00,7.5571E+00,7.5501E+00,7.5444E+00,7.5400E+00
54696.0000,NaN,7.2264E+00,7.2256E+00,7.2239E+00,7.2228E+00,7.2218E+00,7.2209E+00,7.2199E+00,7.2190E+00,7.2179E+00
54697.0000,NaN,7.1483E+00,7.1483E+00,7.1483E+00,7.1482E+00,7.1480E+00,7.1478E+00,7.1474E+00,7.1465E+00,7.1454E+00
54698.0000,NaN,7.1669E+00,7.1669E+00,7.1671E+00,7.1674E+00,7.1682E+00,7.1696E+00,7.1709E+00,7.1708E+00,7.1679E+00
54699.0000,NaN,7.1753E+00,7.1763E+00,7.1893E+00,7.2245E+00,7.2598E+00,7.2786E+00,7.2848E+00,7.2871E+00,7.2889E+00
54700.0000,NaN,7.1830E+00,7.1986E+00,7.2899E+00,7.3121E+00,7.3144E+00,7.3150E+00,7.3152E+00,7.3149E+00,7.3137E+00
54701.0000,NaN,7.2522E+00,7.3339E+00,7.3567E+00,7.3620E+00,7.3684E+00,7.3818E+00,7.4079E+00,7.3381E+00,6.2619E+00
54702.0000,NaN,7.3569E+00,7.3600E+00,7.3670E+00,7.3761E+00,7.3885E+00,7.4265E+00,7.4564E+00,6.9373E+00,5.9407E+00
54703.0000,NaN,7.3877E+00,7.3879E+00,7.3889E+00,7.3932E+00,7.4076E+00,7.4367E+00,7.1282E+00,6.4775E+00,5.4039E+00
54704.0000,NaN,7.2654E+00,7.2652E+00,7.2644E+00,7.2631E+00,7.2597E+00,7.1652E+00,6.6905E+00,5.9541E+00,5.1996E+00
54705.0000,NaN,6.3759E+00,6.3752E+00,6.3716E+00,6.3620E+00,6.3493E+00,6.3397E+00,6.2958E+00,5.9868E+00,5.5184E+00
54706.0000,NaN,5.9379E+00,5.9378E+00,5.9374E+00,5.9367E+00,5.9353E+00,5.9320E+00,5.9272E+00,5.7390E+00,4.8549E+00
54707.0000,NaN,5.4579E+00,5.4562E+00,5.4493E+00,5.4331E+00,5.4111E+00,5.3877E+00,5.3468E+00,5.2876E+00,5.1981E+00
54708.0000,NaN,4.8975E+00,4.8949E+00,4.8785E+00,4.8435E+00,4.7993E+00,4.7787E+00,4.7677E+00,4.7382E+00,4.6383E+00
54709.0000,NaN,4.4144E+00,4.4111E+00,4.3973E+00,4.3657E+00,4.3222E+00,4.2874E+00,4.2481E+00,4.1739E+00,3.9874E+00
54710.0000,NaN,4.2177E+00,4.2168E+00,4.2110E+00,4.1949E+00,4.1430E+00,3.8758E+00,3.7746E+00,3.7301E+00,3.6760E+00
54711.0000,NaN,3.8600E+00,3.8576E+00,3.8483E+00,3.8276E+00,3.8055E+00,3.8008E+00,3.7965E+00,3.7898E+00,3.7746E+00
54712.0000,NaN,3.7012E+00,3.7011E+00,3.7002E+00,3.6988E+00,3.6972E+00,3.6940E+00,3.6910E+00,3.6884E+00,3.6840E+00
54713.0000,NaN,3.1854E+00,3.1849E+00,3.1834E+00,3.1789E+00,3.1700E+00,3.1591E+00,3.1377E+00,3.0816E+00,2.9554E+00
54714.0000,NaN,2.6375E+00,2.6369E+00,2.6342E+00,2.6289E+00,2.6158E+00,2.5501E+00,2.4559E+00,2.4248E+00,2.4030E+00
54715.0000,NaN,2.0875E+00,2.0856E+00,2.0804E+00,2.0708E+00,2.0607E+00,2.0547E+00,2.0484E+00,2.0023E+00,1.7511E+00
54716.0000,NaN,1.6760E+00,1.6754E+00,1.6738E+00,1.6710E+00,1.6655E+00,1.6229E+00,1.5412E+00,1.5292E+00,1.5199E+00
54717.0000,NaN,1.3386E+00,1.3379E+00,1.3360E+00,1.3313E+00,1.3230E+00,1.3106E+00,1.2926E+00,1.1087E+00,4.2865E-01
54718.0000,NaN,1.2802E+00,1.2800E+00,1.2793E+00,1.2778E+00,1.2702E+00,8.9616E-01,5.4701E-01,5.0684E-01,4.7208E-01
54719.0000,NaN,7.7471E-01,7.7024E-01,7.5785E-01,7.3124E-01,6.8727E-01,6.3245E-01,6.1761E-01,5.1201E-01,0.0000E+00
54720.0000,NaN,6.3391E-01,6.3344E-01,6.3217E-01,6.3089E-01,6.2975E-01,6.0470E-01,4.7050E-01,4.3963E-01,4.1367E-01
54721.0000,NaN,5.9656E-01,5.9650E-01,5.9631E-01,5.9417E-01,5.7585E-01,5.5661E-01,5.4444E-01,5.1995E-01,1.4081E-01
54722.0000,NaN,5.5566E-01,5.5551E-01,5.5511E-01,5.5460E-01,5.5326E-01,5.4596E-01,4.6379E-01,4.4688E-01,4.3837E-01
54723.0000,NaN,6.2281E-01,6.2292E-01,6.2335E-01,6.2475E-01,6.2954E-01,6.3359E-01,6.3584E-01,6.4085E-01,7.3745E-01
54724.0000,NaN,7.0770E-01,7.0775E-01,7.0786E-01,7.0804E-01,7.0840E-01,7.0961E-01,7.3574E-01,7.5266E-01,7.5517E-01
54725.0000,NaN,6.0310E-01,6.0266E-01,6.0090E-01,5.9679E-01,5.9117E-01,5.8616E-01,5.7514E-01,5.6433E-01,4.9392E-01
54726.0000,NaN,5.9436E-01,5.9403E-01,5.9186E-01,5.8118E-01,5.6127E-01,5.5154E-01,5.4306E-01,5.3480E-01,5.2931E-01
54727.0000,NaN,5.5960E-01,5.5701E-01,5.4717E-01,5.3313E-01,5.2841E-01,5.2735E-01,5.2621E-01,5.2517E-01,5.1997E-01
54728.0000,NaN,3.2194E-01,3.1872E-01,3.1013E-01,3.0200E-01,2.9136E-01,2.7807E-01,2.5483E-01,2.1481E-01,1.8386E-01
54729.0000,NaN,8.6006E-02,8.5124E-02,7.6596E-02,-6.6676E-04,-5.6529E-02,-6.8462E-02,-7.7067E-02,-8.5062E-02,0.0000E+00
54730.0000,NaN,9.2036E-02,9.2057E-02,9.2201E-02,9.3125E-02,9.5684E-02,1.0229E-01,1.2256E-01,1.6635E-01,0.0000E+00
54731.0000,NaN,9.9146E-02,9.9168E-02,9.9329E-02,1.0112E-01,1.0683E-01,1.3240E-01,1.9533E-01,4.3038E-01,0.0000E+00
54732.0000,NaN,1.0700E-01,1.0704E-01,1.0723E-01,1.0816E-01,1.1284E-01,1.5042E-01,2.4658E-01,5.5273E-01,0.0000E+00
54733.0000,NaN,1.1925E-01,1.1932E-01,1.1962E-01,1.2105E-01,1.2408E-01,1.6618E-01,3.2050E-01,6.5430E-01,0.0000E+00
54734.0000,NaN,1.7379E-01,1.7412E-01,1.7521E-01,1.7944E-01,1.9072E-01,2.3770E-01,3.9186E-01,5.3926E-01,0.0000E+00
54735.0000,NaN,3.4090E-01,3.4150E-01,3.4354E-01,3.5054E-01,3.6450E-01,3.8920E-01,4.0085E-01,4.0671E-01,0.0000E+00
54736.0000,NaN,3.9186E-01,3.9198E-01,3.9230E-01,3.9295E-01,3.9359E-01,3.9420E-01,3.9432E-01,3.9434E-01,0.0000E+00
54737.0000,NaN,3.9942E-01,3.9943E-01,3.9947E-01,3.9951E-01,3.9954E-01,3.9957E-01,3.9962E-01,3.9963E-01,0.0000E+00
54738.0000,NaN,4.0222E-01,4.0221E-01,4.0222E-01,4.0228E-01,4.0275E-01,4.0439E-01,4.1128E-01,4.2256E-01,0.0000E+00
54739.0000,NaN,4.0483E-01,4.0482E-01,4.0481E-01,4.0487E-01,4.0548E-01,4.0941E-01,4.2454E-01,4.4952E-01,0.0000E+00
54740.0000,NaN,4.0783E-01,4.0782E-01,4.0783E-01,4.0799E-01,4.0883E-01,4.1397E-01,4.3787E-01,4.7513E-01,0.0000E+00
54741.0000,NaN,4.1196E-01,4.1196E-01,4.1203E-01,4.1226E-01,4.1347E-01,4.1784E-01,4.4908E-01,4.9502E-01,0.0000E+00
54742.0000,NaN,4.1884E-01,4.1886E-01,4.1898E-01,4.1931E-01,4.2065E-01,4.2472E-01,4.5541E-01,5.1053E-01,0.0000E+00
54743.0000,NaN,4.3219E-01,4.3224E-01,4.3242E-01,4.3283E-01,4.3437E-01,4.3876E-01,4.5776E-01,5.2091E-01,0.0000E+00
54744.0000,NaN,4.5578E-01,4.5586E-01,4.5612E-01,4.5664E-01,4.5811E-01,4.6200E-01,4.7059E-01,4.9222E-01,0.0000E+00
54745.0000,NaN,4.7371E-01,4.7377E-01,4.7395E-01,4.7430E-01,4.7489E-01,4.7604E-01,4.7825E-01,4.7957E-01,0.0000E+00
54746.0000,NaN,4.8300E-01,4.8302E-01,4.8310E-01,4.8328E-01,4.8352E-01,4.8381E-01,4.8446E-01,4.8481E-01,0.0000E+00
54747.0000,NaN,4.8924E-01,4.8925E-01,4.8931E-01,4.8944E-01,4.8972E-01,4.9018E-01,4.9094E-01,4.9165E-01,-5.5511E-17
54748.0000,NaN,4.9443E-01,4.9444E-01,4.9449E-01,4.9461E-01,4.9483E-01,4.9527E-01,4.9597E-01,4.9594E-01,0.0000E+00
54749.0000,NaN,5.0091E-01,5.0093E-01,5.0100E-01,5.0118E-01,5.0146E-01,5.0181E-01,5.0223E-01,5.0230E-01,0.0000E+00
54750.0000,NaN,5.0554E-01,5.0555E-01,5.0558E-01,5.0567E-01,5.0583E-01,5.0601E-01,5.0615E-01,5.0570E-01,0.0000E+00
54751.0000,NaN,5.0846E-01,5.0846E-01,5.0846E-01,5.0849E-01,5.0856E-01,5.0865E-01,5.0871E-01,5.0812E-01,0.0000E+00
54752.0000,NaN,5.1091E-01,5.1090E-01,5.1090E-01,5.1091E-01,5.1096E-01,5.1103E-01,5.1108E-01,5.0959E-01,0.0000E+00
54753.0000,NaN,5.1423E-01,5.1423E-01,5.1424E-01,5.1430E-01,5.1441E-01,5.1457E-01,5.1472E-01,5.1380E-01,0.0000E+00
54754.0000,NaN,5.1821E-01,5.1821E-01,5.1823E-01,5.1831E-01,5.1846E-01,5.1868E-01,5.1891E-01,5.1726E-01,0.0000E+00
54755.0000,NaN,5.2133E-01,5.2133E-01,5.2134E-01,5.2139E-01,5.2148E-01,5.2160E-01,5.2168E-01,5.2039E-01,0.0000E+00
54756.0000,NaN,5.2503E-01,5.2502E-01,5.2505E-01,5.2512E-01,5.2525E-01,5.2543E-01,5.2557E-01,5.2293E-01,0.0000E+00
54757.0000,NaN,5.2703E-01,5.2701E-01,5.2700E-01,5.2700E-01,5.2702E-01,5.2704E-01,5.2691E-01,5.2293E-01,0.0000E+00
54758.0000,NaN,5.2981E-01,5.2981E-01,5.2981E-01,5.2985E-01,5.2994E-01,5.3007E-01,5.3021E-01,5.2618E-01,0.0000E+00
54759.0000,NaN,5.3175E-01,5.3173E-01,5.3172E-01,5.3172E-01,5.3174E-01,5.3179E-01,5.3180E-01,5.1425E-01,0.0000E+00
54760.0000,NaN,5.3333E-01,5.3331E-01,5.3328E-01,5.3327E-01,5.3326E-01,5.3326E-01,5.3317E-01,5.2504E-01,0.0000E+00
54761.0000,NaN,5.3596E-01,5.3595E-01,5.3596E-01,5.3599E-01,5.3607E-01,5.3620E-01,5.3637E-01,5.1409E-01,-5.5511E-17
54762.0000,NaN,5.3723E-01,5.3721E-01,5.3717E-01,5.3714E-01,5.3710E-01,5.3705E-01,5.3677E-01,5.1936E-01,0.0000E+00
54763.0000,NaN,5.3858E-01,5.3856E-01,5.3853E-01,5.3850E-01,5.3848E-01,5.3846E-01,5.3840E-01,5.1762E-01,-5.5511E-17
54764.0000,NaN,5.3975E-01,5.3973E-01,5.3970E-01,5.3966E-01,5.3963E-01,5.3957E-01,5.3873E-01,5.1957E-01,0.0000E+00
54765.0000,NaN,5.4097E-01,5.4095E-01,5.4091E-01,5.4087E-01,5.4083E-01,5.4079E-01,5.4058E-01,5.1323E-01,0.0000E+00
54766.0000,NaN,5.4275E-01,5.4273E-01,5.4271E-01,5.4270E-01,5.4272E-01,5.4276E-01,5.4269E-01,5.1720E-01,0.0000E+00
54767.0000,NaN,5.4421E-01,5.4418E-01,5.4415E-01,5.4412E-01,5.4411E-01,5.4409E-01,5.4392E-01,5.1410E-01,5.5511E-17
54768.0000,NaN,5.4544E-01,5.4542E-01,5.4538E-01,5.4535E-01,5.4532E-01,5.4528E-01,5.4511E-01,5.1705E-01,5.5511E-17
54769.0000,NaN,5.4631E-01,5.4629E-01,5.4624E-01,5.4618E-01,5.4611E-01,5.4599E-01,5.4548E-01,5.1519E-01,0.0000E+00
54770.0000,NaN,5.4740E-01,5.4737E-01,5.4733E-01,5.4728E-01,5.4723E-01,5.4719E-01,5.4700E-01,5.1516E-01,0.0000E+00
54771.0000,NaN,5.4833E-01,5.4830E-01,5.4826E-01,5.4820E-01,5.4813E-01,5.4800E-01,5.4697E-01,5.1082E-01,0.0000E+00
54772.0000,NaN,5.4900E-01,5.4896E-01,5.4890E-01,5.4882E-01,5.4872E-01,5.4860E-01,5.4834E-01,5.0981E-01,0.0000E+00
54773.0000,NaN,5.4980E-01,5.4977E-01,5.4971E-01,5.4965E-01,5.4958E-01,5.4946E-01,5.4646E-01,5.0403E-01,0.0000E+00
54774.0000,NaN,5.5041E-01,5.5038E-01,5.5031E-01,5.5022E-01,5.5008E-01,5.4985E-01,5.4919E-01,5.0245E-01,-5.5511E-17
54775.0000,NaN,5.5138E-01,5.5134E-01,5.5129E-01,5.5123E-01,5.5118E-01,5.5113E-01,5.4817E-01,4.9874E-01,0.0000E+00
54776.0000,NaN,5.5217E-01,5.5213E-01,5.5207E-01,5.5199E-01,5.5187E-01,5.5157E-01,5.5011E-01,4.9821E-01,0.0000E+00
54777.0000,NaN,5.5255E-01,5.5251E-01,5.5243E-01,5.5232E-01,5.5219E-01,5.5203E-01,5.4987E-01,4.9633E-01,0.0000E+00
54778.0000,NaN,5.5284E-01,5.5280E-01,5.5272E-01,5.5262E-01,5.5245E-01,5.5196E-01,5.5039E-01,4.9716E-01,5.5511E-17
54779.0000,NaN,5.5322E-01,5.5318E-01,5.5310E-01,5.5299E-01,5.5283E-01,5.5263E-01,5.5026E-01,4.9779E-01,0.0000E+00
54780.0000,NaN,5.5380E-01,5.5376E-01,5.5370E-01,5.5361E-01,5.5348E-01,5.5288E-01,5.5115E-01,4.9784E-01,0.0000E+00
54781.0000,NaN,5.5435E-01,5.5431E-01,5.5424E-01,5.5413E-01,5.5397E-01,5.5378E-01,5.5045E-01,4.9578E-01,0.0000E+00
54782.0000,NaN,5.5499E-01,5.5495E-01,5.5488E-01,5.5479E-01,5.5468E-01,5.5403E-01,5.5198E-01,4.9349E-01,0.0000E+00
54783.0000,NaN,5.5567E-01,5.5563E-01,5.5556E-01,5.5545E-01,5.5529E-01,5.5511E-01,5.5088E-01,4.9076E-01,0.0000E+00
54784.0000,NaN,5.5652E-01,5.5648E-01,5.5641E-01,5.5634E-01,5.5626E-01,5.5568E-01,5.5320E-01,4.8848E-01,0.0000E+00
54785.0000,NaN,5.5715E-01,5.5711E-01,5.5704E-01,5.5692E-01,5.5672E-01,5.5644E-01,5.5237E-01,4.8419E-01,0.0000E+00
54786.0000,NaN,5.5811E-01,5.5807E-01,5.5801E-01,5.5794E-01,5.5787E-01,5.5758E-01,5.5474E-01,4.8489E-01,0.0000E+00
