"",-9.000,-8.000,-7.000,-6.000,-5.000,-4.000,-3.000,-2.000,-1.000,0.000
54421.0000,NaN,0.0000E+00,0.0000E+00,0.0000E+00,0.0000E+00,0.0000E+00,0.0000E+00,0.0000E+00,0.0000E+00,0.0000E+00
54422.0000,NaN,0.0000E+00,0.0000E+00,0.0000E+00,0.0000E+00,0.0000E+00,0.0000E+00,0.0000E+00,0.0000E+00,1.6540E+00
54423.0000,NaN,-1.6431E-09,-6.0902E-09,-4.7867E-08,-4.9235E-07,-5.1850E-06,-5.8534E-05,-7.4434E-04,-8.8916E-03,-5.1682E-02
54424.0000,NaN,-3.7948E-06,-1.3925E-05,-1.0809E-04,-1.0965E-03,-1.1386E-02,-1.2022E-01,-3.7665E-01,-3.9977E-01,-4.0140E-01
54425.0000,NaN,6.6889E-05,2.4628E-04,1.9139E-03,9.3248E-03,3.0254E-02,3.2181E-02,3.2274E-02,4.4988E-02,5.0328E-02
54426.0000,NaN,6.4540E-02,1.2371E-01,1.7282E-01,1.7347E-01,1.7396E-01,2.2332E-01,2.6068E-01,3.3813E-01,3.7878E-01
54427.0000,NaN,-1.0004E-02,-1.0145E-02,-2.6243E-02,-3.6601E-02,-3.8720E-02,-4.7736E-02,-5.7499E-02,-7.1852E-02,-7.9526E-02
54428.0000,NaN,-1.3667E-03,-5.4844E-02,-1.1916E-01,-1.6554E-01,-1.8193E-01,-2.2011E-01,-2.6736E-01,-3.2549E-01,-3.5543E-01
54429.0000,NaN,4.1186E-03,1.9587E-02,3.7260E-02,5.0164E-02,5.6694E-02,6.7924E-02,8.2489E-02,9.8387E-02,1.0617E-01
54430.0000,NaN,4.9876E-03,7.0596E-02,1.2304E-01,1.6096E-01,1.8536E-01,2.2062E-01,2.6673E-01,3.1268E-01,3.3417E-01
54431.0000,NaN,-3.0739E-03,-3.1104E-02,-5.0370E-02,-6.4461E-02,-7.5167E-02,-8.9029E-02,-1.0700E-01,-1.2355E-01,-1.3103E-01
54432.0000,NaN,-6.0902E-03,-8.1221E-02,-1.2566E-01,-1.5821E-01,-1.8598E-01,-2.1905E-01,-2.6153E-01,-2.9792E-01,-3.1401E-01
54433.0000,NaN,3.6079E-03,4.3009E-02,6.4070E-02,7.9666E-02,9.4170E-02,1.1019E-01,1.3074E-01,1.4712E-01,1.5430E-01
54434.0000,NaN,6.5552E-03,8.6941E-02,1.2640E-01,1.5574E-01,1.8478E-01,2.1445E-01,2.5286E-01,2.8138E-01,2.9396E-01
54435.0000,NaN,-4.2672E-03,-5.4927E-02,-7.8216E-02,-9.5676E-02,-1.1383E-01,-1.3086E-01,-1.5339E-01,-1.6898E-01,-1.7597E-01
54436.0000,NaN,-6.6571E-03,-8.9473E-02,-1.2552E-01,-1.5271E-01,-1.8200E-01,-2.0702E-01,-2.4113E-01,-2.6326E-01,-2.7345E-01
54437.0000,NaN,4.9948E-03,6.7117E-02,9.2822E-02,1.1242E-01,1.3414E-01,1.5085E-01,1.7450E-01,1.8904E-01,1.9596E-01
54438.0000,NaN,6.6004E-03,9.0373E-02,1.2335E-01,1.4881E-01,1.7772E-01,1.9739E-01,2.2644E-01,2.4369E-01,2.5221E-01
54439.0000,NaN,-5.8467E-03,-8.0529E-02,-1.0834E-01,-1.3011E-01,-1.5542E-01,-1.7039E-01,-1.9344E-01,-2.0709E-01,-2.1412E-01
54440.0000,NaN,-6.6139E-03,-9.1388E-02,-1.2115E-01,-1.4450E-01,-1.7224E-01,-1.8632E-01,-2.0874E-01,-2.2261E-01,-2.3007E-01
54441.0000,NaN,7.1507E-03,9.7717E-02,1.2779E-01,1.5036E-01,1.7771E-01,1.8978E-01,2.0936E-01,2.2267E-01,2.3023E-01
54442.0000,NaN,7.2962E-03,9.5795E-02,1.2399E-01,1.4206E-01,1.6424E-01,1.7342E-01,1.8830E-01,1.9986E-01,2.0690E-01
54443.0000,NaN,-1.0791E-02,-1.2689E-01,-1.6188E-01,-1.7805E-01,-1.9831E-01,-2.0727E-01,-2.2199E-01,-2.3516E-01,-2.4392E-01
54444.0000,NaN,-1.1880E-02,-1.0785E-01,-1.3353E-01,-1.4171E-01,-1.5203E-01,-1.5724E-01,-1.6628E-01,-1.7569E-01,-1.8265E-01
54445.0000,NaN,3.0227E-02,1.6181E-01,1.9679E-01,2.0623E-01,2.1693E-01,2.2274E-01,2.3271E-01,2.4478E-01,2.5489E-01
54446.0000,NaN,3.2398E-02,9.9366E-02,1.2097E-01,1.2824E-01,1.3560E-01,1.3932E-01,1.4469E-01,1.5143E-01,1.5766E-01
54447.0000,NaN,-9.8012E-02,-1.7077E-01,-1.9482E-01,-2.0482E-01,-2.2049E-01,-2.2993E-01,-2.4134E-01,-2.5308E-01,-2.6340E-01
54448.0000,NaN,-5.9846E-02,-8.5918E-02,-9.6049E-02,-9.9190E-02,-1.0345E-01,-1.0725E-01,-1.1527E-01,-1.2510E-01,-1.3209E-01
54449.0000,NaN,1.4752E-01,1.8069E-01,1.9483E-01,2.0034E-01,2.0511E-01,2.0919E-01,2.1556E-01,2.3420E-01,2.6525E-01
54450.0000,NaN,4.6157E-02,6.4703E-02,7.1606E-02,7.4879E-02,7.6703E-02,7.8011E-02,7.9700E-02,8.4300E-02,1.0204E-01
54451.0000,NaN,-1.1822E-01,-1.5561E-01,-1.7370E-01,-1.8374E-01,-1.9056E-01,-1.9505E-01,-1.9838E-01,-2.0886E-01,-2.5140E-01
54452.0000,NaN,-2.8783E-02,-4.4804E-02,-5.0386E-02,-5.2850E-02,-5.4413E-02,-5.5639E-02,-5.6900E-02,-5.9495E-02,-7.1689E-02
54453.0000,NaN,1.0685E-01,1.4705E-01,1.6528E-01,1.7424E-01,1.8002E-01,1.8414E-01,1.8745E-01,2.0025E-01,2.3352E-01
54454.0000,NaN,1.9577E-02,2.9473E-02,3.2860E-02,3.4373E-02,3.5341E-02,3.6130E-02,3.7177E-02,3.9066E-02,4.5999E-02
54455.0000,NaN,-1.0699E-01,-1.4201E-01,-1.5754E-01,-1.6498E-01,-1.6971E-01,-1.7308E-01,-1.7556E-01,-1.8891E-01,-2.1653E-01
54456.0000,NaN,-1.0617E-02,-1.5560E-02,-1.7228E-02,-1.7955E-02,-1.8402E-02,-1.8770E-02,-1.9631E-02,-2.1165E-02,-2.4265E-02
54457.0000,NaN,9.8632E-02,1.3034E-01,1.4481E-01,1.5200E-01,1.5681E-01,1.6035E-01,1.6289E-01,1.7990E-01,2.0133E-01
54458.0000,NaN,2.4450E-03,3.6530E-03,4.0619E-03,4.2377E-03,4.3380E-03,4.4094E-03,4.6226E-03,5.1010E-03,5.8259E-03
54459.0000,NaN,-9.0066E-02,-1.1966E-01,-1.3318E-01,-1.4000E-01,-1.4497E-01,-1.4920E-01,-1.5217E-01,-1.7028E-01,-1.8734E-01
54460.0000,NaN,4.3596E-03,6.5696E-03,7.3085E-03,7.6238E-03,7.8002E-03,7.9105E-03,8.1866E-03,9.0979E-03,1.0063E-02
54461.0000,NaN,8.4604E-02,1.1149E-01,1.2367E-01,1.2968E-01,1.3406E-01,1.3821E-01,1.4120E-01,1.6089E-01,1.7454E-01
54462.0000,NaN,-1.0123E-02,-1.5262E-02,-1.6958E-02,-1.7690E-02,-1.8110E-02,-1.8369E-02,-1.9013E-02,-2.2293E-02,-2.4074E-02
54463.0000,NaN,-7.7604E-02,-1.0209E-01,-1.1326E-01,-1.1868E-01,-1.2244E-01,-1.2596E-01,-1.2948E-01,-1.5157E-01,-1.6416E-01
54464.0000,NaN,1.5286E-02,2.3188E-02,2.5789E-02,2.6935E-02,2.7616E-02,2.8052E-02,2.8501E-02,3.3251E-02,3.6467E-02
54465.0000,NaN,7.4769E-02,9.7752E-02,1.0815E-01,1.1296E-01,1.1588E-01,1.1800E-01,1.2007E-01,1.3739E-01,1.5153E-01
54466.0000,NaN,-2.0267E-02,-3.0191E-02,-3.3435E-02,-3.4897E-02,-3.5830E-02,-3.6514E-02,-3.7224E-02,-4.1972E-02,-4.6574E-02
54467.0000,NaN,-6.8810E-02,-8.9813E-02,-9.9472E-02,-1.0405E-01,-1.0694E-01,-1.0925E-01,-1.1190E-01,-1.2454E-01,-1.3754E-01
54468.0000,NaN,2.4031E-02,3.5883E-02,3.9776E-02,4.1546E-02,4.2716E-02,4.3667E-02,4.4832E-02,4.9672E-02,5.4858E-02
54469.0000,NaN,6.1459E-02,8.1234E-02,9.0335E-02,9.4673E-02,9.7490E-02,1.0003E-01,1.0336E-01,1.1369E-01,1.2456E-01
54470.0000,NaN,-2.7556E-02,-4.0794E-02,-4.5210E-02,-4.7242E-02,-4.8600E-02,-4.9702E-02,-5.1207E-02,-5.6538E-02,-6.2000E-02
54471.0000,NaN,-5.5504E-02,-7.3672E-02,-8.1896E-02,-8.5746E-02,-8.8228E-02,-9.0739E-02,-9.4645E-02,-1.0337E-01,-1.1270E-01
54472.0000,NaN,3.0866E-02,4.4867E-02,4.9649E-02,5.1891E-02,5.3410E-02,5.4547E-02,5.6366E-02,6.2559E-02,6.8192E-02
54473.0000,NaN,4.8546E-02,6.4709E-02,7.1901E-02,7.5163E-02,7.7196E-02,7.9946E-02,8.7371E-02,9.4285E-02,1.0179E-01
54474.0000,NaN,-3.2295E-02,-4.6921E-02,-5.2100E-02,-5.4659E-02,-5.6529E-02,-5.8008E-02,-6.0903E-02,-6.8560E-02,-7.3813E-02
54475.0000,NaN,-4.2677E-02,-5.7664E-02,-6.4171E-02,-6.6924E-02,-6.8361E-02,-6.9932E-02,-7.8676E-02,-8.5567E-02,-9.1736E-02
54476.0000,NaN,3.4354E-02,4.8754E-02,5.4011E-02,5.6696E-02,5.8922E-02,6.0883E-02,6.4738E-02,7.3584E-02,7.8835E-02
54477.0000,NaN,3.7976E-02,5.1473E-02,5.7259E-02,5.9764E-02,6.1127E-02,6.2177E-02,6.8667E-02,7.6607E-02,8.1984E-02
54478.0000,NaN,-3.7346E-02,-5.1708E-02,-5.7083E-02,-5.9679E-02,-6.1643E-02,-6.3395E-02,-6.6877E-02,-7.7341E-02,-8.3015E-02
54479.0000,NaN,-3.2769E-02,-4.4280E-02,-4.9154E-02,-5.1361E-02,-5.2641E-02,-5.3701E-02,-6.0222E-02,-6.7580E-02,-7.2282E-02
54480.0000,NaN,3.7476E-02,5.2205E-02,5.7891E-02,6.0663E-02,6.2813E-02,6.5047E-02,6.9484E-02,8.0618E-02,8.6346E-02
54481.0000,NaN,2.7733E-02,3.7929E-02,4.2194E-02,4.4087E-02,4.5100E-02,4.5789E-02,5.2282E-02,5.8644E-02,6.2709E-02
54482.0000,NaN,-3.7940E-02,-5.2471E-02,-5.8118E-02,-6.0829E-02,-6.3018E-02,-6.5814E-02,-7.2630E-02,-8.3048E-02,-8.8847E-02
54483.0000,NaN,-2.3505E-02,-3.2240E-02,-3.5884E-02,-3.7580E-02,-3.8595E-02,-3.9328E-02,-4.3385E-02,-4.9663E-02,-5.3249E-02
54484.0000,NaN,4.0978E-02,5.5867E-02,6.1683E-02,6.4288E-02,6.5979E-02,6.7821E-02,7.2532E-02,8.3145E-02,9.0249E-02
54485.0000,NaN,2.0454E-02,2.7486E-02,3.0383E-02,3.1760E-02,3.2610E-02,3.3219E-02,3.5351E-02,3.9864E-02,4.3671E-02
54486.0000,NaN,-4.1956E-02,-5.6842E-02,-6.2723E-02,-6.5449E-02,-6.7312E-02,-6.9394E-02,-7.3030E-02,-8.1841E-02,-9.0110E-02
54487.0000,NaN,-1.6033E-02,-2.1786E-02,-2.4172E-02,-2.5309E-02,-2.6017E-02,-2.6532E-02,-2.8082E-02,-3.1193E-02,-3.4267E-02
54488.0000,NaN,4.1773E-02,5.7210E-02,6.3380E-02,6.6206E-02,6.8000E-02,6.9729E-02,7.2748E-02,8.0973E-02,8.9046E-02
54489.0000,NaN,1.2137E-02,1.6517E-02,1.8312E-02,1.9151E-02,1.9658E-02,2.0013E-02,2.0960E-02,2.3113E-02,2.5358E-02
54490.0000,NaN,-4.2142E-02,-5.7501E-02,-6.3622E-02,-6.6426E-02,-6.8158E-02,-6.9495E-02,-7.1891E-02,-7.9492E-02,-8.7333E-02
54491.0000,NaN,-8.3446E-03,-1.1315E-02,-1.2526E-02,-1.3084E-02,-1.3417E-02,-1.3652E-02,-1.4150E-02,-1.5510E-02,-1.6989E-02
54492.0000,NaN,4.1764E-02,5.6958E-02,6.3033E-02,6.5826E-02,6.7500E-02,6.8582E-02,7.0516E-02,7.7629E-02,8.5076E-02
54493.0000,NaN,4.5401E-03,6.1679E-03,6.8307E-03,7.1362E-03,7.3232E-03,7.4665E-03,7.7291E-03,8.4424E-03,9.1845E-03
54494.0000,NaN,-4.0636E-02,-5.5690E-02,-6.1730E-02,-6.4493E-02,-6.6068E-02,-6.6978E-02,-6.8414E-02,-7.5859E-02,-8.2498E-02
54495.0000,NaN,-9.8359E-04,-1.3376E-03,-1.4815E-03,-1.5470E-03,-1.5843E-03,-1.6025E-03,-1.6198E-03,-1.7863E-03,-1.9294E-03
54496.0000,NaN,4.0195E-02,5.4752E-02,6.0530E-02,6.3080E-02,6.4480E-02,6.5296E-02,6.5883E-02,7.3187E-02,7.9542E-02
54497.0000,NaN,-2.4098E-03,-3.2676E-03,-3.6172E-03,-3.7796E-03,-3.8759E-03,-3.9457E-03,-4.0229E-03,-4.4482E-03,-4.8063E-03
54498.0000,NaN,-3.7792E-02,-5.1917E-02,-5.7578E-02,-6.0183E-02,-6.1724E-02,-6.2615E-02,-6.3411E-02,-7.1082E-02,-7.6375E-02
54499.0000,NaN,5.5124E-03,7.5306E-03,8.3533E-03,8.7250E-03,8.9346E-03,9.0490E-03,9.1949E-03,1.0348E-02,1.1063E-02
54500.0000,NaN,3.6149E-02,4.9601E-02,5.4966E-02,5.7427E-02,5.8908E-02,5.9894E-02,6.0682E-02,6.8325E-02,7.3054E-02
54501.0000,NaN,-8.4631E-03,-1.1521E-02,-1.2762E-02,-1.3322E-02,-1.3631E-02,-1.3806E-02,-1.4051E-02,-1.5756E-02,-1.6858E-02
54502.0000,NaN,-3.6272E-02,-4.9557E-02,-5.4797E-02,-5.6816E-02,-5.7291E-02,-5.7443E-02,-5.7565E-02,-6.3780E-02,-6.9212E-02
54503.0000,NaN,1.1941E-02,1.5945E-02,1.7572E-02,1.8274E-02,1.8485E-02,1.8528E-02,1.8550E-02,1.9978E-02,2.1999E-02
54504.0000,NaN,3.1456E-02,4.2570E-02,4.6851E-02,4.8951E-02,5.2439E-02,5.5017E-02,5.6178E-02,5.9746E-02,6.4653E-02
54505.0000,NaN,-1.1444E-02,-1.6202E-02,-1.8211E-02,-1.9196E-02,-2.0755E-02,-2.2894E-02,-2.3718E-02,-2.5191E-02,-2.6692E-02
54506.0000,NaN,-2.4626E-02,-3.5944E-02,-4.0575E-02,-4.2746E-02,-4.5351E-02,-5.1608E-02,-5.4796E-02,-5.8059E-02,-6.0674E-02
54507.0000,NaN,1.3362E-02,1.9012E-02,2.1298E-02,2.2331E-02,2.3354E-02,2.5723E-02,2.8398E-02,3.0184E-02,3.1263E-02
54508.0000,NaN,2.7021E-02,3.7109E-02,4.1119E-02,4.2939E-02,4.4467E-02,4.6575E-02,4.9332E-02,5.4961E-02,5.6942E-02
54509.0000,NaN,-1.9441E-02,-2.5433E-02,-2.7770E-02,-2.8686E-02,-2.9074E-02,-2.9453E-02,-2.9711E-02,-3.3605E-02,-3.5446E-02
54510.0000,NaN,-3.0466E-02,-3.9216E-02,-4.2558E-02,-4.3572E-02,-4.3791E-02,-4.3920E-02,-4.3998E-02,-4.8520E-02,-5.2419E-02
54511.0000,NaN,2.0476E-02,2.7102E-02,2.9946E-02,3.1646E-02,3.2658E-02,3.2897E-02,3.3105E-02,3.4965E-02,3.8557E-02
54512.0000,NaN,2.1869E-02,3.0694E-02,3.4322E-02,3.6298E-02,3.8556E-02,4.0661E-02,4.1500E-02,4.3986E-02,4.7216E-02
54513.0000,NaN,-1.7697E-02,-2.5697E-02,-2.9101E-02,-3.0905E-02,-3.2709E-02,-3.5564E-02,-3.7018E-02,-3.9199E-02,-4.1326E-02
54514.0000,NaN,-1.8637E-02,-2.6921E-02,-3.0271E-02,-3.1859E-02,-3.3204E-02,-3.5635E-02,-3.8542E-02,-4.0881E-02,-4.2566E-02
54515.0000,NaN,2.1529E-02,2.9721E-02,3.3034E-02,3.4570E-02,3.5607E-02,3.6388E-02,3.8623E-02,4.2557E-02,4.4105E-02
54516.0000,NaN,2.0879E-02,2.7586E-02,3.0174E-02,3.1213E-02,3.1599E-02,3.1757E-02,3.1988E-02,3.6375E-02,3.8024E-02
54517.0000,NaN,-2.7425E-02,-3.5515E-02,-3.8447E-02,-3.8970E-02,-3.9053E-02,-3.9091E-02,-3.9117E-02,-4.3365E-02,-4.6270E-02
54518.0000,NaN,-1.9457E-02,-2.5574E-02,-2.7816E-02,-2.8254E-02,-2.8351E-02,-2.8401E-02,-2.8427E-02,-2.9192E-02,-3.2802E-02
54519.0000,NaN,2.0385E-02,2.7439E-02,3.0982E-02,3.8177E-02,4.1242E-02,4.1614E-02,4.1858E-02,4.3671E-02,4.7122E-02
54520.0000,NaN,9.0327E-03,1.4714E-02,1.6957E-02,2.1643E-02,2.4466E-02,2.4849E-02,2.5125E-02,2.6308E-02,2.7748E-02
54521.0000,NaN,-1.4774E-02,-2.4137E-02,-2.8342E-02,-3.5637E-02,-4.2528E-02,-4.3723E-02,-4.4452E-02,-4.6454E-02,-4.8292E-02
54522.0000,NaN,-7.5698E-03,-1.1949E-02,-1.3664E-02,-1.6525E-02,-2.0256E-02,-2.1102E-02,-2.1560E-02,-2.2460E-02,-2.3137E-02
54523.0000,NaN,1.7913E-02,2.5620E-02,2.8762E-02,3.3605E-02,4.2547E-02,4.5420E-02,4.6646E-02,4.8422E-02,4.9562E-02
54524.0000,NaN,7.3356E-03,9.9904E-03,1.0992E-02,1.2338E-02,1.5557E-02,1.7157E-02,1.7651E-02,1.8308E-02,1.8664E-02
54525.0000,NaN,-2.1765E-02,-2.8597E-02,-3.1294E-02,-3.3973E-02,-4.1345E-02,-4.6377E-02,-4.7186E-02,-4.9767E-02,-5.0673E-02
54526.0000,NaN,-7.2956E-03,-9.6056E-03,-1.0529E-02,-1.1115E-02,-1.2152E-02,-1.2448E-02,-1.2475E-02,-1.3852E-02,-1.4178E-02
54527.0000,NaN,3.2858E-02,4.0871E-02,4.3263E-02,4.3639E-02,4.3984E-02,4.4023E-02,4.4032E-02,4.9260E-02,5.1204E-02
54528.0000,NaN,5.8514E-03,7.4459E-03,7.8251E-03,7.8793E-03,7.9419E-03,8.0647E-03,8.2583E-03,9.1938E-03,9.5996E-03
54529.0000,NaN,-1.7988E-02,-2.4420E-02,-3.3088E-02,-4.0981E-02,-4.2760E-02,-4.3599E-02,-4.5071E-02,-4.9087E-02,-5.1060E-02
54530.0000,NaN,-1.4302E-03,-2.5797E-03,-3.1875E-03,-4.0707E-03,-4.2859E-03,-4.3870E-03,-4.5671E-03,-4.9248E-03,-5.1042E-03
54531.0000,NaN,1.1837E-02,2.2463E-02,2.9113E-02,3.9177E-02,4.2946E-02,4.4279E-02,4.6182E-02,4.9193E-02,5.0678E-02
54532.0000,NaN,2.5884E-04,4.5779E-04,5.4717E-04,6.1037E-04,6.1490E-04,6.2760E-04,6.6084E-04,7.0918E-04,7.3225E-04
54533.0000,NaN,-1.4996E-02,-2.3241E-02,-2.7945E-02,-3.6621E-02,-4.2505E-02,-4.4588E-02,-4.6636E-02,-4.9033E-02,-5.0127E-02
54534.0000,NaN,1.1513E-03,1.6229E-03,1.8743E-03,2.4226E-03,2.9673E-03,3.1773E-03,3.3248E-03,3.4718E-03,3.5357E-03
54535.0000,NaN,1.8773E-02,2.4705E-02,2.7560E-02,3.3203E-02,4.0449E-02,4.4319E-02,4.6555E-02,4.8540E-02,4.9366E-02
54536.0000,NaN,-3.0727E-03,-4.0340E-03,-4.4425E-03,-5.0776E-03,-6.0030E-03,-6.8991E-03,-7.3077E-03,-7.5970E-03,-7.7052E-03
54537.0000,NaN,-2.0602E-02,-2.6732E-02,-2.9384E-02,-3.2213E-02,-3.6340E-02,-4.2646E-02,-4.5927E-02,-4.7797E-02,-4.8299E-02
54538.0000,NaN,4.9458E-03,6.5850E-03,7.2623E-03,7.8197E-03,8.6246E-03,1.0155E-02,1.1191E-02,1.1659E-02,1.1747E-02
54539.0000,NaN,1.9737E-02,2.6216E-02,2.9044E-02,3.1118E-02,3.4089E-02,3.9888E-02,4.4659E-02,4.6616E-02,4.6922E-02
54540.0000,NaN,-6.3449E-03,-8.6958E-03,-9.6582E-03,-1.0298E-02,-1.1218E-02,-1.3094E-02,-1.4870E-02,-1.5561E-02,-1.5658E-02
54541.0000,NaN,-1.8222E-02,-2.4666E-02,-2.7455E-02,-2.9376E-02,-3.2208E-02,-3.7597E-02,-4.2872E-02,-4.4930E-02,-4.5317E-02
54542.0000,NaN,7.4609E-03,1.0312E-02,1.1498E-02,1.2352E-02,1.3652E-02,1.6035E-02,1.8320E-02,1.9246E-02,1.9440E-02
54543.0000,NaN,1.6582E-02,2.2654E-02,2.5272E-02,2.7161E-02,3.0297E-02,3.5746E-02,4.0812E-02,4.3051E-02,4.3379E-02
54544.0000,NaN,-8.4581E-03,-1.1671E-02,-1.3020E-02,-1.4103E-02,-1.5851E-02,-1.8926E-02,-2.1593E-02,-2.2819E-02,-2.2979E-02
54545.0000,NaN,-1.4867E-02,-2.0372E-02,-2.2802E-02,-2.4753E-02,-2.8489E-02,-3.3918E-02,-3.8599E-02,-4.0901E-02,-4.0938E-02
54546.0000,NaN,9.2383E-03,1.2757E-02,1.4246E-02,1.5595E-02,1.7840E-02,2.1733E-02,2.4727E-02,2.6141E-02,2.6142E-02
54547.0000,NaN,1.3259E-02,1.8194E-02,2.0421E-02,2.2339E-02,2.6739E-02,3.1958E-02,3.6242E-02,3.8199E-02,3.8421E-02
54548.0000,NaN,-9.8053E-03,-1.3524E-02,-1.5092E-02,-1.6732E-02,-1.9860E-02,-2.4416E-02,-2.7606E-02,-2.9093E-02,-2.9344E-02
54549.0000,NaN,-1.1773E-02,-1.6205E-02,-1.8288E-02,-2.0182E-02,-2.4281E-02,-2.8536E-02,-1.7004E-02,1.6269E-01,1.1156E+00
54550.0000,NaN,1.0128E-02,1.3877E-02,1.5414E-02,1.7495E-02,2.2161E-02,2.8536E-02,5.1451E-02,2.4574E-01,1.3336E+00
54551.0000,NaN,9.5274E-03,1.3279E-02,1.5219E-02,1.7387E-02,1.9893E-02,1.5173E-02,-4.9200E-02,-1.7463E-01,1.8739E-01
54552.0000,NaN,-1.1701E-02,-1.6350E-02,-1.8252E-02,-2.0525E-02,-2.7705E-02,-4.2320E-02,-1.2745E-01,-2.7153E-01,-4.7584E-02
54553.0000,NaN,-7.2930E-03,-9.6220E-03,-1.1594E-02,-1.3837E-02,-1.1132E-02,5.9977E-03,9.1116E-02,2.8485E-01,1.0544E+00
54554.0000,NaN,9.2868E-03,1.4728E-02,1.8135E-02,2.4124E-02,3.7639E-02,5.9763E-02,1.5479E-01,3.0046E-01,8.0123E-01
54555.0000,NaN,4.9522E-03,6.8410E-03,7.4881E-03,4.6910E-03,-8.5283E-03,-3.0354E-02,-1.5780E-01,-2.5398E-01,2.2324E-01
54556.0000,NaN,-1.3063E-02,-1.9055E-02,-2.4430E-02,-3.3681E-02,-5.2811E-02,-7.1388E-02,-1.6683E-01,-1.5720E-01,5.5013E-01
54557.0000,NaN,4.1049E-03,5.2500E-03,6.2384E-03,1.6333E-02,3.3775E-02,5.1648E-02,1.7698E-01,2.8745E-01,6.8908E-01
54558.0000,NaN,1.8947E-02,2.4751E-02,3.9247E-02,4.6064E-02,5.8232E-02,7.3788E-02,1.3906E-01,2.3307E-01,1.0468E+00
54559.0000,NaN,-1.6655E-02,-2.0088E-02,-2.1207E-02,-3.6758E-02,-5.1274E-02,-7.8774E-02,-1.9617E-01,-2.1833E-01,1.8610E-01
54560.0000,NaN,-1.0871E-02,-1.5791E-02,-4.3690E-02,-4.9522E-02,-6.1861E-02,-8.0163E-02,-1.6726E-01,-2.2157E-01,9.9907E-02
54561.0000,NaN,1.3485E-02,2.8366E-02,3.5071E-02,5.9868E-02,6.9191E-02,1.0315E-01,1.9816E-01,3.4122E-01,9.2312E-01
54562.0000,NaN,1.5338E-02,2.3012E-02,4.1863E-02,5.1108E-02,6.5543E-02,8.5886E-02,1.8572E-01,3.3652E-01,1.0073E+00
54563.0000,NaN,-2.1149E-02,-3.2588E-02,-4.0369E-02,-7.4184E-02,-8.8593E-02,-1.2895E-01,-2.2185E-01,-4.6499E-02,8.3673E-01
54564.0000,NaN,-1.7832E-02,-2.2246E-02,-3.6855E-02,-4.8105E-02,-6.6491E-02,-9.5122E-02,-1.7570E-01,-1.5803E-01,2.3369E-01
54565.0000,NaN,2.8974E-02,4.2126E-02,4.7697E-02,8.0567E-02,9.9402E-02,1.3838E-01,1.7390E-01,3.7251E-01,1.0375E+00
54566.0000,NaN,1.9464E-02,2.3625E-02,3.6170E-02,4.4327E-02,6.5177E-02,9.4391E-02,1.7928E-01,3.2199E-01,5.3910E-01
54567.0000,NaN,-3.1374E-02,-4.7895E-02,-5.2183E-02,-9.1773E-02,-1.1021E-01,-1.5461E-01,-2.5670E-01,-2.8075E-01,-3.4359E-02
54568.0000,NaN,-1.8542E-02,-2.3886E-02,-3.7478E-02,-4.4933E-02,-6.7651E-02,-9.0824E-02,-1.4164E-01,-3.6005E-02,2.8277E-01
54569.0000,NaN,3.1731E-02,4.6045E-02,4.9755E-02,1.0330E-01,1.2557E-01,1.7620E-01,3.6484E-01,6.3158E-01,8.3206E-01
54570.0000,NaN,1.1766E-02,1.5978E-02,3.2019E-02,4.4007E-02,6.1587E-02,7.9630E-02,1.9143E-01,2.8229E-01,3.8316E-01
54571.0000,NaN,-3.9571E-02,-6.3675E-02,-7.3022E-02,-1.0832E-01,-1.6368E-01,-2.1461E-01,-3.6413E-01,-3.4351E-01,-2.4754E-01
54572.0000,NaN,-1.0669E-02,-1.3219E-02,-2.9606E-02,-3.9312E-02,-5.8498E-02,-6.9865E-02,-2.4827E-02,1.4882E-01,2.9471E-01
54573.0000,NaN,3.6458E-02,7.0735E-02,8.5068E-02,1.2904E-01,1.8999E-01,2.6026E-01,6.6127E-01,8.5362E-01,9.2039E-01
54574.0000,NaN,9.9549E-03,1.3201E-02,2.0972E-02,2.8457E-02,4.5229E-02,6.8426E-02,3.3443E-01,4.3735E-01,4.8212E-01
54575.0000,NaN,-4.2422E-02,-6.7335E-02,-8.0694E-02,-1.4846E-01,-2.8497E-01,-3.6458E-01,-5.2472E-01,-5.1171E-01,-4.9382E-01
54576.0000,NaN,-1.3243E-02,-1.6438E-02,-2.2941E-02,-3.2740E-02,-6.7489E-02,-1.0240E-01,-1.0086E-01,2.7137E-02,8.9612E-02
54577.0000,NaN,6.7663E-02,8.9101E-02,9.7261E-02,2.1116E-01,2.9201E-01,4.2719E-01,8.2672E-01,9.5591E-01,9.7057E-01
54578.0000,NaN,1.0051E-02,1.2339E-02,1.7690E-02,2.6397E-02,4.6590E-02,8.6082E-02,2.0740E-01,3.1184E-01,3.1710E-01
54579.0000,NaN,-5.9705E-02,-8.8503E-02,-9.4900E-02,-2.6480E-01,-3.4242E-01,-5.2750E-01,-5.7799E-01,-5.4632E-01,-5.3305E-01
54580.0000,NaN,-6.2084E-03,-8.5638E-03,-1.5027E-02,-2.6800E-02,-4.5842E-02,-6.9061E-02,-4.7813E-02,5.6723E-02,6.2114E-02
54581.0000,NaN,7.7551E-02,1.1240E-01,1.2316E-01,2.9665E-01,3.6621E-01,5.1615E-01,8.3390E-01,9.6694E-01,9.7040E-01
54582.0000,NaN,1.3751E-03,1.7520E-03,4.0106E-03,7.9402E-03,1.6590E-02,4.7209E-02,1.7398E-01,2.6906E-01,2.7600E-01
54583.0000,NaN,-6.1046E-02,-1.1053E-01,-1.1919E-01,-2.8208E-01,-3.9471E-01,-5.0650E-01,-3.5033E-01,-2.3349E-01,-2.1337E-01
54584.0000,NaN,2.0194E-03,2.9263E-03,5.3532E-03,5.6984E-03,3.3965E-04,1.7046E-02,2.7085E-01,2.8365E-01,2.8424E-01
54585.0000,NaN,6.9740E-02,1.1192E-01,1.2346E-01,2.8293E-01,3.9108E-01,4.7148E-01,5.9541E-01,6.0304E-01,6.0357E-01
54586.0000,NaN,-7.0015E-03,-9.1978E-03,-2.4212E-02,-3.9313E-02,-7.0005E-02,-1.4509E-01,-2.3378E-01,-8.2702E-02,6.6546E-01
54587.0000,NaN,-6.2104E-02,-1.0980E-01,-1.2079E-01,-2.7034E-01,-3.9556E-01,-4.7011E-01,-5.2485E-01,-3.3452E-01,2.1029E-01
54588.0000,NaN,1.2335E-02,1.6911E-02,4.2868E-02,7.3487E-02,1.3641E-01,1.8386E-01,2.3099E-01,2.9855E-01,7.3153E-01
54589.0000,NaN,6.7253E-02,1.2170E-01,1.3973E-01,2.5521E-01,3.8141E-01,4.5138E-01,5.9761E-01,1.2806E+00,2.5233E+00
54590.0000,NaN,-2.5822E-02,-3.2889E-02,-6.7925E-02,-9.6928E-02,-1.3670E-01,-6.0151E-02,4.9794E-01,9.4697E-01,1.1496E+00
54591.0000,NaN,-1.3394E-01,-2.1954E-01,-2.4700E-01,-3.9163E-01,-6.2759E-01,-8.0316E-01,-8.9078E-01,-8.9016E-01,-8.3165E-01
54592.0000,NaN,-1.2229E-01,-1.4055E-01,-2.0709E-01,-2.5158E-01,-3.0713E-01,-3.2386E-01,-3.5888E-01,-3.1505E-01,-9.6052E-02
54593.0000,NaN,2.8770E-01,3.1899E-01,3.2706E-01,3.7247E-01,5.0773E-01,7.7702E-01,9.1723E-01,1.1875E+00,1.3425E+00
54594.0000,NaN,2.5946E-02,8.4515E-02,1.7457E-01,1.9571E-01,2.0943E-01,2.2192E-01,4.4919E-01,4.7628E-01,5.5439E-01
54595.0000,NaN,-1.2922E-01,-3.1688E-01,-5.4605E-01,-6.0948E-01,-6.6866E-01,-7.9137E-01,-8.3309E-01,-6.4656E-01,-5.5546E-01
54596.0000,NaN,-1.8453E-02,-6.6457E-02,-1.2785E-01,-1.4897E-01,-1.7152E-01,-1.7520E-01,2.4457E-02,1.1684E-01,1.7977E-01
54597.0000,NaN,1.4752E-01,2.9646E-01,5.1102E-01,5.9256E-01,6.7286E-01,8.2131E-01,1.0489E+00,1.1592E+00,1.1871E+00
54598.0000,NaN,1.6725E-02,3.7709E-02,6.1593E-02,7.1567E-02,8.6741E-02,1.0789E-01,1.6914E-01,1.9824E-01,2.2014E-01
54599.0000,NaN,-2.3012E-01,-3.1902E-01,-4.5384E-01,-5.2507E-01,-6.2483E-01,-7.7646E-01,-7.3267E-01,-6.6574E-01,-6.4188E-01
54600.0000,NaN,-6.4332E-03,-9.9060E-03,-1.2920E-02,-1.4053E-02,-1.5412E-02,2.5637E-02,2.1560E-01,2.3879E-01,2.5080E-01
54601.0000,NaN,2.2740E-01,2.7085E-01,3.2245E-01,3.5812E-01,4.7717E-01,8.1898E-01,1.0582E+00,1.1761E+00,1.1887E+00
54602.0000,NaN,-1.2922E-02,-2.6614E-02,-3.0243E-02,-3.2376E-02,-3.5776E-02,-2.6310E-02,1.5138E-03,5.6236E-03,8.2237E-03
54603.0000,NaN,-2.0461E-01,-2.7700E-01,-3.1730E-01,-3.3910E-01,-4.4496E-01,-6.1419E-01,-6.0297E-01,-6.0122E-01,-5.9938E-01
54604.0000,NaN,2.3131E-02,4.3374E-02,4.8499E-02,5.3090E-02,6.1192E-02,1.9273E-01,4.4742E-01,6.3673E-01,7.6108E-01
54605.0000,NaN,1.6595E-01,2.1374E-01,2.4039E-01,2.5618E-01,4.0720E-01,8.7017E-01,9.4830E-01,9.6490E-01,9.7578E-01
54606.0000,NaN,-6.8073E-02,-1.3400E-01,-1.4974E-01,-1.7535E-01,-2.4406E-01,-3.2306E-01,-3.1126E-01,1.5626E-01,2.2886E-01
54607.0000,NaN,-2.6847E-01,-3.2207E-01,-3.4550E-01,-3.5327E-01,-4.0199E-01,-5.2440E-01,-4.8341E-01,-4.5715E-01,-4.4761E-01
54608.0000,NaN,3.7808E-02,6.0830E-02,6.7752E-02,1.2673E-01,2.2461E-01,3.5992E-01,4.9413E-01,5.2116E-01,5.2470E-01
54609.0000,NaN,1.0488E-01,1.7468E-01,2.2025E-01,2.5941E-01,5.3248E-01,8.2768E-01,8.7235E-01,9.2576E-01,9.3809E-01
54610.0000,NaN,-6.2458E-02,-1.2285E-01,-1.4796E-01,-1.6967E-01,-1.9261E-01,-1.8190E-01,-1.7092E-01,-1.6037E-01,-1.5071E-01
54611.0000,NaN,-2.5942E-01,-3.1005E-01,-3.3676E-01,-3.5428E-01,-3.7501E-01,-3.6820E-01,-3.5581E-01,-3.5152E-01,-3.4891E-01
54612.0000,NaN,1.3854E-01,2.1130E-01,2.3119E-01,2.5016E-01,3.4733E-01,5.2054E-01,5.5575E-01,5.7287E-01,5.7948E-01
54613.0000,NaN,3.0696E-01,3.9433E-01,4.4704E-01,4.8331E-01,5.1462E-01,5.3165E-01,5.4781E-01,5.6237E-01,5.8784E-01
54614.0000,NaN,-3.9732E-02,-4.7167E-02,-4.9107E-02,-4.8982E-02,-4.6133E-02,-4.3733E-02,-4.2148E-02,-4.0249E-02,-3.3928E-02
54615.0000,NaN,-8.1365E-02,-1.8475E-01,-2.4644E-01,-2.8314E-01,-2.9452E-01,-2.6723E-01,-1.5019E-01,-4.6029E-02,-3.1949E-02
54616.0000,NaN,5.9255E-02,1.2771E-01,1.9561E-01,2.7572E-01,3.3330E-01,4.7098E-01,5.6708E-01,6.1204E-01,6.4538E-01
54617.0000,NaN,7.4070E-02,2.7819E-01,4.1050E-01,4.9897E-01,5.3406E-01,5.6127E-01,6.1370E-01,6.5632E-01,6.6520E-01
54618.0000,NaN,-1.1102E-01,-1.7156E-01,-1.9879E-01,-2.0144E-01,-2.0058E-01,-1.9853E-01,-1.9354E-01,-1.9024E-01,-1.8913E-01
54619.0000,NaN,-1.0847E-01,-1.4517E-01,-1.6692E-01,-1.7406E-01,-1.7357E-01,-1.6901E-01,-1.6073E-01,-1.5365E-01,-1.3202E-01
54620.0000,NaN,1.6320E-01,3.4053E-01,4.0173E-01,4.3740E-01,4.6656E-01,4.8463E-01,5.0294E-01,5.4369E-01,5.8990E-01
54621.0000,NaN,2.3335E-01,3.1489E-01,3.5165E-01,3.6957E-01,3.8822E-01,4.0325E-01,4.1640E-01,4.2966E-01,4.4473E-01
54622.0000,NaN,-1.0104E-01,-1.2205E-01,-1.2807E-01,-1.2933E-01,-1.2929E-01,-1.2888E-01,-1.2810E-01,-1.2647E-01,-1.2335E-01
54623.0000,NaN,1.2646E-02,3.5798E-02,5.3470E-02,6.2375E-02,6.4573E-02,6.5931E-02,6.7347E-02,6.9279E-02,7.2847E-02
54624.0000,NaN,2.4970E-02,1.7503E-01,2.4807E-01,2.8055E-01,3.1663E-01,3.6081E-01,4.0251E-01,4.3489E-01,4.5421E-01
54625.0000,NaN,-8.2683E-03,-2.8402E-02,-2.7590E-02,-1.8493E-02,7.0575E-03,4.1102E-02,7.0058E-02,9.0664E-02,1.0431E-01
54626.0000,NaN,-4.4088E-02,-1.8153E-01,-2.1869E-01,-2.1601E-01,-1.8536E-01,-1.2768E-01,-6.7593E-02,-3.5185E-02,-2.6568E-02
54627.0000,NaN,1.5980E-02,3.1827E-02,6.3641E-02,1.4521E-01,1.9217E-01,2.2023E-01,2.3491E-01,2.4258E-01,2.4477E-01
54628.0000,NaN,1.1930E-01,1.7406E-01,2.6432E-01,2.8874E-01,3.0253E-01,3.1610E-01,3.2116E-01,3.2340E-01,3.2551E-01
54629.0000,NaN,-5.1952E-02,-8.3438E-02,-8.6542E-02,-8.6726E-02,-8.6266E-02,-8.5109E-02,-8.4109E-02,-8.2145E-02,-7.2818E-02
54630.0000,NaN,-6.9516E-02,-8.2016E-02,-1.3570E-01,-2.1994E-01,-2.4638E-01,-1.8772E-01,2.5544E-02,2.7129E-01,3.3324E-01
54631.0000,NaN,6.7912E-03,7.2256E-02,7.8841E-02,9.3739E-02,1.8214E-01,3.6010E-01,4.1901E-01,4.2878E-01,4.3089E-01
54632.0000,NaN,1.5534E-02,1.6925E-01,2.0225E-01,2.1287E-01,2.3791E-01,2.4594E-01,2.5352E-01,2.5508E-01,2.5581E-01
54633.0000,NaN,-1.2116E-02,-1.7465E-01,-1.7976E-01,-1.6206E-01,-1.5378E-01,-1.5121E-01,-1.3540E-01,-5.2935E-02,1.5296E-01
54634.0000,NaN,-1.6732E-02,-1.1093E-01,-1.1004E-01,-1.0425E-01,-1.0264E-01,-1.0035E-01,-8.1765E-02,3.4316E-03,7.9976E-02
54635.0000,NaN,1.7177E-02,1.5517E-01,1.5946E-01,1.6103E-01,1.7199E-01,1.9570E-01,2.1205E-01,2.6101E-01,3.7179E-01
54636.0000,NaN,1.2656E-02,6.2481E-02,7.5958E-02,9.1105E-02,1.1926E-01,1.3608E-01,1.5313E-01,2.1716E-01,2.7961E-01
54637.0000,NaN,-2.7230E-02,-1.0107E-01,-1.0477E-01,-9.2688E-02,-6.3082E-02,-2.2728E-02,2.1253E-03,5.6949E-02,1.3578E-01
54638.0000,NaN,4.4134E-02,1.1421E-01,1.2932E-01,1.3515E-01,1.4669E-01,1.5420E-01,1.5626E-01,1.6698E-01,1.9025E-01
54639.0000,NaN,8.9864E-02,1.6322E-01,1.6409E-01,1.6437E-01,1.6484E-01,1.6509E-01,1.6533E-01,1.6677E-01,1.7353E-01
54640.0000,NaN,-2.9377E-02,-3.4930E-02,-3.5459E-02,-3.5146E-02,-3.4031E-02,-2.8558E-02,-1.1629E-02,4.7989E-03,2.1999E-02
54641.0000,NaN,-1.5626E-02,-5.5155E-02,-1.1590E-01,-1.4263E-01,-1.3574E-01,-8.5669E-02,1.7483E-02,1.4619E-01,1.7447E-01
54642.0000,NaN,7.4830E-03,2.1617E-02,3.7825E-02,4.8267E-02,7.2789E-02,2.0495E-01,3.2354E-01,3.6176E-01,3.7943E-01
54643.0000,NaN,8.8315E-03,5.8759E-02,1.0512E-01,1.3651E-01,1.9641E-01,2.7213E-01,3.1287E-01,3.4957E-01,3.5280E-01
54644.0000,NaN,-8.7185E-03,-2.9097E-02,-5.1250E-02,-8.7974E-02,-1.4091E-01,-1.2284E-01,-9.7216E-02,-8.8888E-02,-8.7030E-02
54645.0000,NaN,-2.0785E-02,-7.0865E-02,-1.0410E-01,-1.1707E-01,-2.8792E-02,3.5975E-02,6.1964E-02,7.0723E-02,1.2069E-01
54646.0000,NaN,2.4420E-02,4.2223E-02,7.1614E-02,1.5274E-01,2.8563E-01,3.0208E-01,3.1659E-01,3.2778E-01,3.3349E-01
54647.0000,NaN,5.7307E-02,8.0301E-02,9.9589E-02,1.7973E-01,2.3672E-01,2.4174E-01,2.4529E-01,2.5066E-01,2.5400E-01
54648.0000,NaN,-1.1415E-01,-1.3255E-01,-1.6172E-01,-2.0644E-01,-2.4715E-01,-2.3195E-01,-8.9394E-02,9.0798E-02,2.4067E-01
54649.0000,NaN,-4.7403E-02,-5.8543E-02,-6.3315E-02,-7.8437E-02,-7.6410E-02,6.1127E-02,1.4683E-01,1.6377E-01,1.7366E-01
54650.0000,NaN,4.8416E-02,8.0951E-02,1.0916E-01,1.4078E-01,3.7512E-01,4.0943E-01,4.3890E-01,4.4979E-01,4.5341E-01
54651.0000,NaN,2.7495E-02,5.3300E-02,7.3425E-02,9.1565E-02,1.1392E-01,1.3757E-01,1.5831E-01,1.7560E-01,2.0429E-01
54652.0000,NaN,-8.6915E-02,-1.1714E-01,-1.3051E-01,-1.3227E-01,-1.2907E-01,-1.2472E-01,-1.2008E-01,-1.1345E-01,-1.0322E-01
54653.0000,NaN,1.6072E-01,2.1735E-01,2.2946E-01,2.3308E-01,2.3862E-01,2.4052E-01,2.4247E-01,2.4455E-01,2.4743E-01
54654.0000,NaN,3.0641E-01,3.5120E-01,3.8266E-01,3.9406E-01,4.1069E-01,4.2650E-01,4.4188E-01,4.5489E-01,4.6422E-01
54655.0000,NaN,-1.3590E-02,-1.5804E-02,-1.6212E-02,-1.5757E-02,-1.4051E-02,-9.1794E-03,-1.6365E-03,9.3105E-03,2.1561E-02
54656.0000,NaN,-1.6048E-02,-3.1325E-02,-3.4573E-02,-2.9165E-02,-2.2735E-02,-1.5604E-02,-7.5429E-03,8.4831E-04,1.0495E-02
54657.0000,NaN,2.9208E-03,5.0870E-02,1.8960E-01,3.4123E-01,3.8107E-01,3.9157E-01,3.9661E-01,3.9901E-01,4.0084E-01
54658.0000,NaN,1.1716E-02,9.8965E-02,1.8956E-01,2.0669E-01,2.0971E-01,2.1023E-01,2.1065E-01,2.1122E-01,2.1182E-01
54659.0000,NaN,-1.4900E-02,-2.6715E-01,-3.0007E-01,-2.9866E-01,-2.9755E-01,-2.9499E-01,-2.8364E-01,-2.4902E-01,-2.0002E-01
54660.0000,NaN,-1.4974E-02,-1.4947E-01,-1.6779E-01,-1.6826E-01,-1.6448E-01,-1.3845E-01,-7.2145E-02,4.4587E-02,1.9091E-01
54661.0000,NaN,3.5288E-02,2.4018E-01,3.0521E-01,3.1343E-01,3.3871E-01,4.1835E-01,5.1409E-01,5.9477E-01,6.4568E-01
54662.0000,NaN,3.1848E-02,1.4392E-01,1.8257E-01,1.9130E-01,2.0675E-01,2.2385E-01,2.3197E-01,2.4183E-01,2.5384E-01
54663.0000,NaN,-1.1165E-01,-2.2118E-01,-2.3502E-01,-2.3511E-01,-2.3454E-01,-2.3276E-01,-2.3052E-01,-2.2433E-01,-1.9964E-01
54664.0000,NaN,1.3959E-02,2.2498E-02,2.3445E-02,2.3520E-02,2.3621E-02,2.3937E-02,2.7047E-02,3.9949E-02,5.4472E-02
54665.0000,NaN,5.2640E-02,1.0739E-01,2.1049E-01,2.7968E-01,3.3503E-01,3.8973E-01,4.4817E-01,4.6354E-01,4.6933E-01
54666.0000,NaN,-4.9163E-03,-1.1233E-02,-3.6670E-02,-4.5912E-02,-4.1277E-02,3.0867E-02,1.9569E-01,2.3406E-01,2.4990E-01
54667.0000,NaN,-1.4419E-02,-6.7958E-02,-2.0356E-01,-2.8204E-01,-3.3418E-01,-3.1978E-01,-2.3238E-01,-2.1925E-01,-2.1288E-01
54668.0000,NaN,5.6327E-03,2.0783E-02,5.2167E-02,6.2125E-02,4.1265E-02,1.1094E-02,6.0327E-02,6.7371E-02,6.9265E-02
54669.0000,NaN,2.2451E-02,7.5356E-02,2.0366E-01,2.7901E-01,3.2628E-01,4.3384E-01,5.7368E-01,5.8024E-01,5.8326E-01
54670.0000,NaN,-1.0835E-02,-2.3250E-02,-6.3264E-02,-6.8348E-02,1.0405E-03,2.5679E-01,3.2440E-01,3.5486E-01,3.9059E-01
54671.0000,NaN,-3.6856E-02,-6.7780E-02,-1.8484E-01,-2.5279E-01,-2.0980E-01,-1.5539E-01,-1.1193E-01,-1.0622E-01,-1.0255E-01
54672.0000,NaN,1.4625E-02,2.1297E-02,4.2436E-02,4.6588E-02,6.1079E-02,1.1452E-01,1.3984E-01,1.4467E-01,1.4944E-01
54673.0000,NaN,5.8179E-02,8.0318E-02,1.5067E-01,2.2174E-01,3.3204E-01,3.8161E-01,4.0376E-01,4.5516E-01,5.5437E-01
54674.0000,NaN,4.0234E-02,4.7990E-02,7.5027E-02,1.3429E-01,1.8891E-01,2.2568E-01,2.4117E-01,2.5076E-01,2.6038E-01
54675.0000,NaN,-7.5822E-02,-8.7265E-02,-1.0119E-01,-1.0677E-01,-1.0288E-01,-9.2730E-02,-8.7225E-02,-8.4827E-02,-8.1488E-02
54676.0000,NaN,1.7320E-02,3.3355E-02,4.0545E-02,5.2405E-02,6.5961E-02,7.5152E-02,8.0556E-02,9.0800E-02,1.0869E-01
54677.0000,NaN,1.4439E-01,3.7200E-01,5.5347E-01,6.7049E-01,7.5855E-01,8.4119E-01,9.2634E-01,9.8415E-01,1.0228E+00
54678.0000,NaN,1.0813E-01,1.3239E-01,1.4058E-01,1.4390E-01,1.4600E-01,1.4721E-01,1.4809E-01,1.4902E-01,1.4991E-01
54679.0000,NaN,-3.4851E-01,-3.7688E-01,-3.9344E-01,-4.0362E-01,-4.1226E-01,-4.1595E-01,-4.1660E-01,-4.1485E-01,-4.1125E-01
54680.0000,NaN,-4.1200E-03,-5.2011E-02,-6.3123E-02,-6.6495E-02,-6.8064E-02,-6.8510E-02,-3.9315E-02,1.8276E-01,8.4140E-01
54681.0000,NaN,1.5949E-02,2.8248E-01,3.6545E-01,3.9015E-01,4.0563E-01,4.2839E-01,6.0533E-01,1.0535E+00,1.1529E+00
54682.0000,NaN,1.0661E-03,2.4486E-02,3.1221E-02,3.1561E-02,2.6962E-02,1.1981E-02,4.6990E-03,2.8270E-02,6.8526E-02
54683.0000,NaN,-1.5544E-02,-2.8360E-01,-3.7127E-01,-4.2438E-01,-4.9460E-01,-5.6061E-01,-5.9525E-01,-5.4073E-01,-4.3175E-01
54684.0000,NaN,2.2672E-05,8.3874E-04,6.1189E-03,3.9154E-02,8.3627E-02,1.0790E-01,3.4575E-01,6.1527E-01,6.6620E-01
54685.0000,NaN,1.7882E-02,3.1408E-01,4.1900E-01,6.4618E-01,7.1552E-01,7.3204E-01,7.9078E-01,8.0456E-01,8.2021E-01
54686.0000,NaN,-4.0117E-03,-8.1866E-02,-1.2356E-01,-1.4260E-01,-1.4101E-01,-1.3806E-01,-1.3054E-01,-1.1210E-01,-6.4192E-02
54687.0000,NaN,-3.7514E-02,-3.8132E-01,-4.8349E-01,-4.7714E-01,-4.7478E-01,-4.7121E-01,-4.4970E-01,-4.2191E-01,-4.1128E-01
54688.0000,NaN,3.9956E-02,3.0938E-01,5.2292E-01,5.6992E-01,5.8403E-01,5.9684E-01,6.1783E-01,6.3452E-01,6.6466E-01
54689.0000,NaN,1.8220E-01,5.3364E-01,6.3816E-01,6.6938E-01,6.7831E-01,6.8437E-01,6.9001E-01,6.9443E-01,6.9982E-01
54690.0000,NaN,-2.0295E-01,-2.9535E-01,-3.4728E-01,-3.5640E-01,-3.5669E-01,-3.5623E-01,-3.5459E-01,-3.5143E-01,-3.4719E-01
54691.0000,NaN,-2.1440E-01,-2.6708E-01,-2.8757E-01,-3.0116E-01,-3.1364E-01,-3.1671E-01,-3.0047E-01,-2.6477E-01,-2.1454E-01
54692.0000,NaN,1.5618E-01,2.8700E-01,3.4315E-01,3.6105E-01,3.8807E-01,4.4584E-01,4.8613E-01,4.9774E-01,5.0344E-01
54693.0000,NaN,1.7846E-01,2.7282E-01,3.2327E-01,3.4700E-01,3.6096E-01,3.7219E-01,3.8090E-01,3.8469E-01,3.8785E-01
54694.0000,NaN,-8.2619E-02,-1.1761E-01,-1.2996E-01,-1.3226E-01,-1.3032E-01,-1.2442E-01,-1.1826E-01,-1.0549E-01,-7.4550E-02
54695.0000,NaN,9.0109E-02,1.6788E-01,2.1365E-01,2.5804E-01,2.9779E-01,3.3492E-01,3.5779E-01,3.7148E-01,3.7970E-01
54696.0000,NaN,5.5877E-01,8.9572E-01,1.0008E+00,1.0294E+00,1.0383E+00,1.0427E+00,1.0467E+00,1.0514E+00,1.0553E+00
54697.0000,NaN,1.1902E-01,1.3507E-01,1.4383E-01,1.4962E-01,1.5348E-01,1.5610E-01,1.5958E-01,1.6633E-01,1.7527E-01
54698.0000,NaN,-1.4302E-01,-2.3069E-01,-2.5223E-01,-2.5951E-01,-2.6354E-01,-2.4608E-01,-1.6025E-01,-5.5091E-02,4.4353E-02
54699.0000,NaN,1.0715E-01,3.5375E-01,7.8366E-01,1.1169E+00,1.2771E+00,1.5394E+00,1.7305E+00,1.8002E+00,1.8465E+00
54700.0000,NaN,5.9627E-02,2.0444E-01,2.8124E-01,3.0270E-01,3.0560E-01,3.0690E-01,3.0929E-01,3.1224E-01,3.1523E-01
54701.0000,NaN,-4.2839E-01,-6.8434E-01,-1.0339E+00,-1.2324E+00,-1.3481E+00,-1.4672E+00,-1.4971E+00,-1.4229E+00,-1.0692E+00
54702.0000,NaN,-4.2042E-02,-6.1757E-02,-7.4441E-02,-8.1212E-02,-8.8827E-02,-1.1831E-01,-9.7468E-02,6.2410E-02,2.3674E-01
54703.0000,NaN,4.4307E-01,5.7663E-01,7.0911E-01,7.9124E-01,8.4677E-01,9.5778E-01,1.2574E+00,1.5306E+00,1.7847E+00
54704.0000,NaN,3.2377E-02,4.7609E-02,5.3553E-02,5.7011E-02,6.0907E-02,7.3830E-02,8.1580E-02,1.0883E-01,2.0025E-01
54705.0000,NaN,-4.7914E-01,-5.8570E-01,-6.4912E-01,-6.8598E-01,-7.0702E-01,-7.3428E-01,-7.5105E-01,-7.5106E-01,-7.0117E-01
54706.0000,NaN,3.6695E-02,6.6790E-02,7.3879E-02,7.7214E-02,8.1301E-02,9.6229E-02,1.3281E-01,2.5720E-01,4.2885E-01
54707.0000,NaN,3.5493E-01,5.8339E-01,7.1596E-01,7.8558E-01,8.2767E-01,8.7588E-01,9.1339E-01,9.2971E-01,9.7185E-01
54708.0000,NaN,-2.4857E-02,-4.1536E-02,-4.5791E-02,-4.6444E-02,-4.5546E-02,-4.2874E-02,-3.9260E-02,-3.4369E-02,-1.3666E-02
54709.0000,NaN,-3.0006E-01,-3.9160E-01,-4.4000E-01,-4.6519E-01,-4.7992E-01,-4.8795E-01,-4.8662E-01,-4.7460E-01,-4.3840E-01
54710.0000,NaN,7.3787E-02,1.4367E-01,1.6024E-01,1.6867E-01,1.7896E-01,2.1561E-01,3.3337E-01,3.6596E-01,3.8814E-01
54711.0000,NaN,3.2505E-01,5.4801E-01,6.5854E-01,7.1457E-01,7.4587E-01,7.5914E-01,7.6270E-01,7.7344E-01,8.0230E-01
54712.0000,NaN,-5.1195E-02,-7.4240E-02,-7.9683E-02,-8.0750E-02,-8.0263E-02,-7.2500E-02,-3.1822E-02,-1.7419E-02,-1.1123E-02
54713.0000,NaN,-1.8801E-01,-2.4332E-01,-2.7232E-01,-2.9106E-01,-3.0178E-01,-3.0075E-01,-2.8398E-01,-2.6115E-01,-2.1687E-01
54714.0000,NaN,3.3890E-02,8.9869E-02,1.0297E-01,1.1060E-01,1.3403E-01,2.5829E-01,3.0605E-01,3.1480E-01,3.2141E-01
54715.0000,NaN,9.0460E-02,2.9191E-01,3.8803E-01,4.4791E-01,4.8948E-01,5.0356E-01,5.2899E-01,5.8532E-01,7.2704E-01
54716.0000,NaN,-4.5728E-02,-1.2014E-01,-1.3300E-01,-1.3373E-01,-1.3135E-01,-5.9296E-02,-4.3442E-02,-3.9618E-02,-3.5173E-02
54717.0000,NaN,-1.4016E-01,-2.3671E-01,-2.8293E-01,-3.5784E-01,-4.0299E-01,-4.0242E-01,-3.7665E-01,-1.7695E-01,2.6703E-01
54718.0000,NaN,4.5411E-02,7.7607E-02,8.5361E-02,9.0089E-02,1.1085E-01,3.6154E-01,4.6609E-01,4.9818E-01,5.2374E-01
54719.0000,NaN,1.1183E-01,1.7068E-01,1.9866E-01,2.2980E-01,2.5008E-01,2.8034E-01,2.8344E-01,3.2313E-01,7.1397E-01
54720.0000,NaN,-1.3958E-01,-2.1230E-01,-2.3252E-01,-2.4193E-01,-2.5072E-01,-3.4910E-01,-4.4701E-01,-4.5703E-01,-4.6186E-01
54721.0000,NaN,-8.4878E-02,-1.0514E-01,-1.1531E-01,-1.2927E-01,-1.4682E-01,-1.9265E-01,-1.8212E-01,-9.4140E-02,9.1674E-01
54722.0000,NaN,1.1388E-01,2.3174E-01,2.5988E-01,2.7091E-01,2.8627E-01,5.8396E-01,8.0710E-01,8.5531E-01,8.8724E-01
54723.0000,NaN,1.0085E-01,1.4479E-01,1.6651E-01,1.8058E-01,1.9333E-01,2.4590E-01,2.5504E-01,2.7068E-01,6.0196E-01
54724.0000,NaN,-2.4326E-01,-2.9792E-01,-3.1140E-01,-3.1562E-01,-3.1822E-01,-3.2205E-01,-2.6143E-01,-2.1345E-01,-1.8899E-01
54725.0000,NaN,-2.9229E-02,-4.3013E-02,-5.2270E-02,-5.5866E-02,-4.9733E-02,-1.0864E-02,1.0010E-02,2.2365E-02,1.2473E-01
54726.0000,NaN,7.6777E-02,1.7085E-01,2.2608E-01,3.0734E-01,4.5439E-01,6.0464E-01,6.8769E-01,7.4752E-01,7.9595E-01
54727.0000,NaN,6.3324E-02,1.5269E-01,2.0450E-01,2.5445E-01,2.7991E-01,3.0001E-01,3.0908E-01,3.1524E-01,3.4803E-01
54728.0000,NaN,-1.8806E-01,-2.5536E-01,-2.8192E-01,-2.9297E-01,-2.9129E-01,-2.7401E-01,-2.3611E-01,-1.7976E-01,-1.4374E-01
54729.0000,NaN,-1.4786E-02,-2.0530E-02,-2.1962E-02,-1.2533E-02,1.9505E-02,4.8648E-02,5.9644E-02,6.8453E-02,8.2411E-02
54730.0000,NaN,7.9507E-02,1.5927E-01,1.8483E-01,1.9646E-01,2.0113E-01,2.0312E-01,2.0484E-01,2.0608E-01,2.0627E-01
54731.0000,NaN,-2.0951E-02,-3.8945E-02,-4.6471E-02,-5.2318E-02,-6.0526E-02,-6.6099E-02,-7.1082E-02,-7.5041E-02,-7.5407E-02
54732.0000,NaN,-5.8058E-02,-1.1535E-01,-1.3582E-01,-1.4981E-01,-1.6961E-01,-1.9132E-01,-1.9784E-01,-1.9937E-01,-1.9958E-01
54733.0000,NaN,2.7881E-02,4.7208E-02,5.5006E-02,5.9972E-02,6.6388E-02,7.7816E-02,8.7526E-02,9.1043E-02,9.2090E-02
54734.0000,NaN,7.3215E-02,1.1552E-01,1.3057E-01,1.3988E-01,1.5130E-01,1.6227E-01,1.8274E-01,1.8776E-01,1.9096E-01
54735.0000,NaN,-5.2964E-02,-7.1364E-02,-7.8636E-02,-8.2646E-02,-8.7276E-02,-9.1344E-02,-9.3166E-02,-9.4044E-02,-1.0333E-01
54736.0000,NaN,-1.0635E-01,-1.3478E-01,-1.4455E-01,-1.4825E-01,-1.5009E-01,-1.5105E-01,-1.5129E-01,-1.5133E-01,-1.6702E-01
54737.0000,NaN,6.5092E-02,8.3052E-02,9.0527E-02,9.2707E-02,9.3076E-02,9.3241E-02,9.3346E-02,9.3398E-02,1.0502E-01
54738.0000,NaN,5.5755E-02,7.7363E-02,8.6914E-02,1.0035E-01,1.2024E-01,1.3076E-01,1.3369E-01,1.3581E-01,1.4495E-01
54739.0000,NaN,-2.9723E-02,-5.3799E-02,-6.3607E-02,-7.0489E-02,-8.9087E-02,-1.0167E-01,-1.0472E-01,-1.0737E-01,-1.1240E-01
54740.0000,NaN,-3.1375E-02,-5.8729E-02,-7.0492E-02,-7.9655E-02,-9.8903E-02,-1.1918E-01,-1.2470E-01,-1.2820E-01,-1.3194E-01
54741.0000,NaN,3.1559E-02,5.6073E-02,6.6031E-02,7.2975E-02,8.8312E-02,1.0816E-01,1.1522E-01,1.1894E-01,1.2169E-01
54742.0000,NaN,3.6944E-02,5.6723E-02,6.4857E-02,7.0563E-02,8.2888E-02,1.0328E-01,1.1413E-01,1.1817E-01,1.2016E-01
54743.0000,NaN,-4.7037E-02,-6.4969E-02,-7.1970E-02,-7.6516E-02,-8.6657E-02,-1.0568E-01,-1.2317E-01,-1.2879E-01,-1.3080E-01
54744.0000,NaN,-4.2496E-02,-5.5420E-02,-6.0472E-02,-6.3377E-02,-6.9256E-02,-8.0606E-02,-9.9356E-02,-1.0653E-01,-1.0813E-01
54745.0000,NaN,5.6910E-02,7.4250E-02,8.1064E-02,8.4421E-02,8.9552E-02,9.9477E-02,1.1934E-01,1.3601E-01,1.3888E-01
54746.0000,NaN,3.9828E-02,5.2561E-02,5.7922E-02,6.0509E-02,6.3092E-02,6.7870E-02,7.5565E-02,9.1068E-02,9.4988E-02
54747.0000,NaN,-6.3627E-02,-8.4641E-02,-9.3255E-02,-9.7328E-02,-1.0040E-01,-1.0532E-01,-1.1280E-01,-1.2895E-01,-1.4304E-01
54748.0000,NaN,-3.7217E-02,-4.9333E-02,-5.4293E-02,-5.6510E-02,-5.7828E-02,-5.9390E-02,-6.2147E-02,-6.5953E-02,-7.8318E-02
54749.0000,NaN,6.8474E-02,9.0947E-02,1.0004E-01,1.0418E-01,1.0642E-01,1.0803E-01,1.1082E-01,1.1694E-01,1.3944E-01
54750.0000,NaN,2.9156E-02,3.9419E-02,4.3617E-02,4.5602E-02,4.6896E-02,4.7773E-02,4.8819E-02,5.2134E-02,6.0898E-02
54751.0000,NaN,-6.3348E-02,-8.7496E-02,-9.7431E-02,-1.0204E-01,-1.0487E-01,-1.0707E-01,-1.0947E-01,-1.1480E-01,-1.3386E-01
54752.0000,NaN,-2.1965E-02,-3.0462E-02,-3.3928E-02,-3.5525E-02,-3.6444E-02,-3.7012E-02,-3.7527E-02,-3.9092E-02,-4.5263E-02
54753.0000,NaN,6.3814E-02,8.7747E-02,9.7361E-02,1.0174E-01,1.0439E-01,1.0607E-01,1.0730E-01,1.1104E-01,1.2733E-01
54754.0000,NaN,1.6055E-02,2.1910E-02,2.4261E-02,2.5346E-02,2.6009E-02,2.6481E-02,2.6862E-02,2.7802E-02,3.1431E-02
54755.0000,NaN,-6.2462E-02,-8.5509E-02,-9.4768E-02,-9.9031E-02,-1.0157E-01,-1.0318E-01,-1.0433E-01,-1.0750E-01,-1.2086E-01
54756.0000,NaN,-1.0114E-02,-1.3830E-02,-1.5331E-02,-1.6017E-02,-1.6425E-02,-1.6678E-02,-1.6843E-02,-1.7341E-02,-1.9312E-02
54757.0000,NaN,6.0016E-02,8.2374E-02,9.1369E-02,9.5517E-02,9.8023E-02,9.9686E-02,1.0084E-01,1.0344E-01,1.1447E-01
54758.0000,NaN,4.5571E-03,6.2505E-03,6.9352E-03,7.2505E-03,7.4405E-03,7.5657E-03,7.6609E-03,7.9064E-03,8.6440E-03
54759.0000,NaN,-5.7169E-02,-7.8709E-02,-8.7375E-02,-9.1374E-02,-9.3802E-02,-9.5418E-02,-9.6662E-02,-9.9310E-02,-1.0859E-01
54760.0000,NaN,4.4228E-04,6.0676E-04,6.7341E-04,7.0414E-04,7.2261E-04,7.3460E-04,7.4395E-04,7.7661E-04,8.4466E-04
54761.0000,NaN,5.3942E-02,7.4139E-02,8.2245E-02,8.6018E-02,8.8425E-02,9.0307E-02,9.2263E-02,9.5261E-02,1.0319E-01
54762.0000,NaN,-4.9267E-03,-6.7725E-03,-7.5202E-03,-7.8664E-03,-8.0740E-03,-8.2057E-03,-8.3004E-03,-8.8745E-03,-9.4375E-03
54763.0000,NaN,-5.1065E-02,-7.0237E-02,-7.7917E-02,-8.1408E-02,-8.3495E-02,-8.4935E-02,-8.6637E-02,-9.1109E-02,-9.8355E-02
54764.0000,NaN,8.9985E-03,1.2331E-02,1.3680E-02,1.4310E-02,1.4696E-02,1.4941E-02,1.5085E-02,1.6257E-02,1.7318E-02
54765.0000,NaN,4.7696E-02,6.5442E-02,7.2524E-02,7.5711E-02,7.7573E-02,7.8833E-02,8.0829E-02,8.7764E-02,9.3463E-02
54766.0000,NaN,-1.2418E-02,-1.7061E-02,-1.8951E-02,-1.9851E-02,-2.0427E-02,-2.0832E-02,-2.1189E-02,-2.3061E-02,-2.4601E-02
54767.0000,NaN,-4.4480E-02,-6.1269E-02,-6.7990E-02,-7.1007E-02,-7.2719E-02,-7.3721E-02,-7.4919E-02,-8.2671E-02,-8.8332E-02
54768.0000,NaN,1.5708E-02,2.1485E-02,2.3824E-02,2.4919E-02,2.5619E-02,2.6148E-02,2.6654E-02,2.9104E-02,3.1194E-02
54769.0000,NaN,4.1507E-02,5.6966E-02,6.3159E-02,6.6001E-02,6.7679E-02,6.8710E-02,6.9684E-02,7.7001E-02,8.2679E-02
54770.0000,NaN,-1.8510E-02,-2.5256E-02,-2.7985E-02,-2.9247E-02,-3.0054E-02,-3.0752E-02,-3.1690E-02,-3.4568E-02,-3.7054E-02
54771.0000,NaN,-3.8015E-02,-5.2316E-02,-5.8081E-02,-6.0796E-02,-6.2459E-02,-6.3515E-02,-6.4425E-02,-7.1530E-02,-7.6738E-02
54772.0000,NaN,2.0795E-02,2.8390E-02,3.1450E-02,3.2827E-02,3.3668E-02,3.4473E-02,3.6431E-02,3.9603E-02,4.2270E-02
54773.0000,NaN,3.4153E-02,4.7156E-02,5.2427E-02,5.5019E-02,5.6782E-02,5.8093E-02,5.9329E-02,6.6342E-02,7.0748E-02
54774.0000,NaN,-2.2810E-02,-3.1226E-02,-3.4615E-02,-3.6106E-02,-3.6945E-02,-3.7630E-02,-4.0350E-02,-4.4229E-02,-4.6948E-02
54775.0000,NaN,-3.0685E-02,-4.2158E-02,-4.6790E-02,-4.9110E-02,-5.0927E-02,-5.2606E-02,-5.4321E-02,-6.1092E-02,-6.4770E-02
54776.0000,NaN,2.4426E-02,3.3566E-02,3.7270E-02,3.8949E-02,3.9896E-02,4.0502E-02,4.3479E-02,4.8347E-02,5.1120E-02
54777.0000,NaN,2.7580E-02,3.7647E-02,4.1672E-02,4.3575E-02,4.5080E-02,4.7009E-02,4.9200E-02,5.5706E-02,5.8765E-02
54778.0000,NaN,-2.5632E-02,-3.5303E-02,-3.9263E-02,-4.1177E-02,-4.2360E-02,-4.3157E-02,-4.5514E-02,-5.2106E-02,-5.4806E-02
54779.0000,NaN,-2.4974E-02,-3.4018E-02,-3.7630E-02,-3.9240E-02,-4.0314E-02,-4.1671E-02,-4.3498E-02,-4.9942E-02,-5.2703E-02
54780.0000,NaN,2.7456E-02,3.7433E-02,4.1508E-02,4.3523E-02,4.4810E-02,4.5638E-02,4.7567E-02,5.4587E-02,5.7848E-02
54781.0000,NaN,2.2242E-02,3.0184E-02,3.3364E-02,3.4795E-02,3.5712E-02,3.6797E-02,3.8230E-02,4.3541E-02,4.6392E-02
54782.0000,NaN,-2.8531E-02,-3.8832E-02,-4.3046E-02,-4.5149E-02,-4.6586E-02,-4.7542E-02,-4.9840E-02,-5.6291E-02,-6.0075E-02
54783.0000,NaN,-1.8783E-02,-2.5644E-02,-2.8407E-02,-2.9671E-02,-3.0502E-02,-3.1812E-02,-3.3394E-02,-3.7459E-02,-3.9963E-02
54784.0000,NaN,2.8563E-02,3.9196E-02,4.3562E-02,4.5782E-02,4.7424E-02,4.8515E-02,5.2183E-02,5.8036E-02,6.1684E-02
54785.0000,NaN,1.5491E-02,2.1245E-02,2.3552E-02,2.4577E-02,2.5202E-02,2.6704E-02,2.8501E-02,3.1788E-02,3.3654E-02
54786.0000,NaN,-2.8616E-02,-3.9284E-02,-4.3661E-02,-4.5952E-02,-4.7830E-02,-4.9214E-02,-5.3744E-02,-5.9610E-02,-6.2896E-02
