"",-9.000,-8.000,-7.000,-6.000,-5.000,-4.000,-3.000,-2.000,-1.000,0.000
54421.0000,NaN,0.0000E+00,0.0000E+00,0.0000E+00,0.0000E+00,0.0000E+00,0.0000E+00,0.0000E+00,0.0000E+00,0.0000E+00
54422.0000,NaN,0.0000E+00,0.0000E+00,0.0000E+00,0.0000E+00,0.0000E+00,0.0000E+00,0.0000E+00,0.0000E+00,0.0000E+00
54423.0000,NaN,3.8911E-02,4.7619E-02,5.9090E-02,7.7566E-02,1.0766E-01,1.5672E-01,2.3664E-01,3.6552E-01,5.1109E-01
54424.0000,NaN,-2.0179E-02,-2.0179E-02,-2.0179E-02,-2.0179E-02,-2.0180E-02,-2.0180E-02,-2.0180E-02,-2.0180E-02,-2.0181E-02
54425.0000,NaN,-1.3476E-03,-2.6016E-01,-2.7483E-01,-2.7537E-01,-2.7540E-01,-2.7540E-01,-2.7540E-01,-2.7541E-01,-2.7541E-01
54426.0000,NaN,4.2401E-04,3.9038E-02,4.3409E-02,4.3671E-02,4.3689E-02,4.3690E-02,4.3691E-02,4.3691E-02,4.3692E-02
54427.0000,NaN,3.0713E-03,2.3551E-01,2.6862E-01,2.7144E-01,2.7163E-01,2.7167E-01,2.7167E-01,2.7168E-01,2.7168E-01
54428.0000,NaN,-1.0512E-03,-5.5476E-02,-6.5716E-02,-6.6860E-02,-6.6865E-02,-6.6866E-02,-6.6868E-02,-6.6880E-02,-6.6884E-02
54429.0000,NaN,-4.6753E-03,-2.1787E-01,-2.6156E-01,-2.6579E-01,-2.6579E-01,-2.6579E-01,-2.6579E-01,-2.6591E-01,-2.6596E-01
54430.0000,NaN,1.9617E-03,7.1466E-02,8.8837E-02,8.9454E-02,8.9468E-02,8.9475E-02,8.9478E-02,8.9544E-02,8.9580E-02
54431.0000,NaN,6.1484E-03,2.0559E-01,2.5276E-01,2.5768E-01,2.5797E-01,2.5800E-01,2.5803E-01,2.5818E-01,2.5827E-01
54432.0000,NaN,-3.1485E-03,-8.7222E-02,-1.0806E-01,-1.1117E-01,-1.1147E-01,-1.1150E-01,-1.1152E-01,-1.1157E-01,-1.1161E-01
54433.0000,NaN,-7.4188E-03,-1.9430E-01,-2.3918E-01,-2.4755E-01,-2.4841E-01,-2.4844E-01,-2.4845E-01,-2.4863E-01,-2.4870E-01
54434.0000,NaN,4.5400E-03,1.0269E-01,1.2681E-01,1.3240E-01,1.3257E-01,1.3257E-01,1.3267E-01,1.3279E-01,1.3282E-01
54435.0000,NaN,8.3697E-03,1.8464E-01,2.2624E-01,2.3667E-01,2.3671E-01,2.3674E-01,2.3690E-01,2.3726E-01,2.3733E-01
54436.0000,NaN,-5.9561E-03,-1.1951E-01,-1.4556E-01,-1.5166E-01,-1.5254E-01,-1.5270E-01,-1.5280E-01,-1.5301E-01,-1.5306E-01
54437.0000,NaN,-8.8606E-03,-1.7815E-01,-2.1315E-01,-2.2096E-01,-2.2333E-01,-2.2372E-01,-2.2390E-01,-2.2415E-01,-2.2422E-01
54438.0000,NaN,7.2137E-03,1.3917E-01,1.6352E-01,1.6884E-01,1.7132E-01,1.7171E-01,1.7193E-01,1.7212E-01,1.7218E-01
54439.0000,NaN,8.8868E-03,1.7395E-01,1.9983E-01,2.0514E-01,2.0848E-01,2.0867E-01,2.0912E-01,2.0942E-01,2.0949E-01
54440.0000,NaN,-8.3530E-03,-1.6286E-01,-1.8292E-01,-1.8693E-01,-1.8881E-01,-1.8885E-01,-1.8923E-01,-1.8993E-01,-1.9003E-01
54441.0000,NaN,-8.6525E-03,-1.7199E-01,-1.8828E-01,-1.9093E-01,-1.9153E-01,-1.9165E-01,-1.9204E-01,-1.9307E-01,-1.9321E-01
54442.0000,NaN,9.5233E-03,1.8879E-01,2.0172E-01,2.0346E-01,2.0399E-01,2.0467E-01,2.0532E-01,2.0625E-01,2.0645E-01
54443.0000,NaN,8.2146E-03,1.6224E-01,1.7098E-01,1.7251E-01,1.7328E-01,1.7400E-01,1.7466E-01,1.7533E-01,1.7551E-01
54444.0000,NaN,-1.0649E-02,-2.0585E-01,-2.1530E-01,-2.1718E-01,-2.1819E-01,-2.1925E-01,-2.2030E-01,-2.2109E-01,-2.2133E-01
54445.0000,NaN,-7.6751E-03,-1.4730E-01,-1.5273E-01,-1.5377E-01,-1.5429E-01,-1.5468E-01,-1.5577E-01,-1.5637E-01,-1.5653E-01
54446.0000,NaN,1.2176E-02,2.2327E-01,2.2974E-01,2.3086E-01,2.3128E-01,2.3140E-01,2.3310E-01,2.3430E-01,2.3457E-01
54447.0000,NaN,7.2747E-03,1.3068E-01,1.3385E-01,1.3438E-01,1.3451E-01,1.3454E-01,1.3534E-01,1.3625E-01,1.3643E-01
54448.0000,NaN,-1.4594E-02,-2.3530E-01,-2.4035E-01,-2.4144E-01,-2.4225E-01,-2.4280E-01,-2.4405E-01,-2.4570E-01,-2.4606E-01
54449.0000,NaN,-7.1160E-03,-1.0965E-01,-1.1206E-01,-1.1268E-01,-1.1327E-01,-1.1383E-01,-1.1445E-01,-1.1515E-01,-1.1533E-01
54450.0000,NaN,2.0663E-02,2.4266E-01,2.4808E-01,2.4941E-01,2.5029E-01,2.5172E-01,2.5374E-01,2.5530E-01,2.5572E-01
54451.0000,NaN,8.1893E-03,8.8217E-02,9.0439E-02,9.0995E-02,9.1242E-02,9.1384E-02,9.2522E-02,9.3256E-02,9.3418E-02
54452.0000,NaN,-4.4832E-02,-2.4414E-01,-2.5167E-01,-2.5386E-01,-2.5516E-01,-2.5592E-01,-2.5958E-01,-2.6290E-01,-2.6346E-01
54453.0000,NaN,-1.4459E-02,-6.2503E-02,-6.5259E-02,-6.6140E-02,-6.6652E-02,-6.7023E-02,-6.8816E-02,-7.0608E-02,-7.0833E-02
54454.0000,NaN,1.0803E-01,2.2442E-01,2.3591E-01,2.3981E-01,2.4170E-01,2.4267E-01,2.5060E-01,2.6722E-01,2.6897E-01
54455.0000,NaN,2.1150E-02,3.4686E-02,3.7150E-02,3.8235E-02,3.8958E-02,3.9494E-02,4.1123E-02,4.6801E-02,4.7616E-02
54456.0000,NaN,-1.1952E-01,-1.8057E-01,-1.9796E-01,-2.0568E-01,-2.1036E-01,-2.1339E-01,-2.1801E-01,-2.6027E-01,-2.7022E-01
54457.0000,NaN,-1.0557E-02,-1.4681E-02,-1.6163E-02,-1.6862E-02,-1.7269E-02,-1.7578E-02,-1.8278E-02,-2.2106E-02,-2.3835E-02
54458.0000,NaN,1.0705E-01,1.5831E-01,1.7679E-01,1.8507E-01,1.9025E-01,1.9364E-01,1.9768E-01,2.3570E-01,2.6281E-01
54459.0000,NaN,2.3269E-04,3.2103E-04,3.5762E-04,3.7507E-04,3.8643E-04,3.9819E-04,4.2926E-04,5.9151E-04,8.0900E-04
54460.0000,NaN,-9.9588E-02,-1.4541E-01,-1.6231E-01,-1.7009E-01,-1.7517E-01,-1.7859E-01,-1.8314E-01,-2.1118E-01,-2.4681E-01
54461.0000,NaN,8.5049E-03,1.1560E-02,1.2849E-02,1.3436E-02,1.3790E-02,1.4150E-02,1.4920E-02,1.6616E-02,1.9566E-02
54462.0000,NaN,9.2946E-02,1.3445E-01,1.4969E-01,1.5682E-01,1.6153E-01,1.6458E-01,1.6990E-01,1.9109E-01,2.2635E-01
54463.0000,NaN,-1.6047E-02,-2.1579E-02,-2.3954E-02,-2.5028E-02,-2.5674E-02,-2.6432E-02,-2.8470E-02,-3.0976E-02,-3.6552E-02
54464.0000,NaN,-8.4461E-02,-1.2300E-01,-1.3707E-01,-1.4381E-01,-1.4841E-01,-1.5149E-01,-1.5720E-01,-1.7484E-01,-2.0503E-01
54465.0000,NaN,2.2186E-02,2.9907E-02,3.3244E-02,3.4719E-02,3.5564E-02,3.6597E-02,4.0623E-02,4.3424E-02,5.0429E-02
54466.0000,NaN,7.5992E-02,1.1087E-01,1.2351E-01,1.2976E-01,1.3437E-01,1.3772E-01,1.4466E-01,1.6239E-01,1.8525E-01
54467.0000,NaN,-2.7145E-02,-3.6761E-02,-4.0916E-02,-4.2720E-02,-4.3704E-02,-4.4743E-02,-5.1202E-02,-5.4851E-02,-6.2098E-02
54468.0000,NaN,-6.8669E-02,-9.9412E-02,-1.1055E-01,-1.1618E-01,-1.2078E-01,-1.2464E-01,-1.3311E-01,-1.5019E-01,-1.6785E-01
54469.0000,NaN,3.1158E-02,4.2236E-02,4.7019E-02,4.9089E-02,5.0187E-02,5.1127E-02,6.0145E-02,6.5958E-02,7.2343E-02
54470.0000,NaN,6.1099E-02,8.7421E-02,9.7005E-02,1.0185E-01,1.0630E-01,1.1112E-01,1.2205E-01,1.4005E-01,1.5313E-01
54471.0000,NaN,-3.4438E-02,-4.7313E-02,-5.2915E-02,-5.5438E-02,-5.6870E-02,-5.7962E-02,-6.5595E-02,-7.5200E-02,-8.1646E-02
54472.0000,NaN,-5.8415E-02,-8.1711E-02,-9.0265E-02,-9.4269E-02,-9.7461E-02,-1.0100E-01,-1.0772E-01,-1.2772E-01,-1.3931E-01
54473.0000,NaN,3.8722E-02,5.2050E-02,5.7794E-02,6.0475E-02,6.2040E-02,6.3278E-02,7.1313E-02,8.1383E-02,8.9327E-02
54474.0000,NaN,5.3410E-02,7.4161E-02,8.1922E-02,8.5573E-02,8.8325E-02,9.1214E-02,9.6632E-02,1.1298E-01,1.2474E-01
54475.0000,NaN,-4.1728E-02,-5.6336E-02,-6.2603E-02,-6.5476E-02,-6.7097E-02,-6.8348E-02,-7.6135E-02,-8.5610E-02,-9.4752E-02
54476.0000,NaN,-4.7531E-02,-6.5569E-02,-7.2433E-02,-7.5743E-02,-7.8415E-02,-8.1429E-02,-8.6244E-02,-9.9802E-02,-1.0995E-01
54477.0000,NaN,4.2991E-02,5.8509E-02,6.5088E-02,6.8086E-02,6.9758E-02,7.0995E-02,8.0713E-02,9.0463E-02,9.8834E-02
54478.0000,NaN,4.0951E-02,5.6447E-02,6.2447E-02,6.5340E-02,6.7780E-02,7.0981E-02,7.6684E-02,8.8523E-02,9.6331E-02
54479.0000,NaN,-4.3367E-02,-5.9543E-02,-6.6313E-02,-6.9435E-02,-7.1203E-02,-7.2441E-02,-8.4181E-02,-9.5075E-02,-1.0247E-01
54480.0000,NaN,-3.4816E-02,-4.7777E-02,-5.2833E-02,-5.5222E-02,-5.7345E-02,-6.1235E-02,-6.7546E-02,-7.7865E-02,-8.3884E-02
54481.0000,NaN,4.3919E-02,6.0658E-02,6.7633E-02,7.0962E-02,7.2944E-02,7.4370E-02,8.5672E-02,9.8248E-02,1.0560E-01
54482.0000,NaN,3.0492E-02,4.1684E-02,4.6064E-02,4.8031E-02,4.9597E-02,5.2825E-02,5.7342E-02,6.6209E-02,7.1848E-02
54483.0000,NaN,-4.6682E-02,-6.3555E-02,-7.0527E-02,-7.3930E-02,-7.5976E-02,-7.7405E-02,-8.6319E-02,-9.8039E-02,-1.0722E-01
54484.0000,NaN,-2.6583E-02,-3.5871E-02,-3.9525E-02,-4.1165E-02,-4.2448E-02,-4.5012E-02,-4.7739E-02,-5.3999E-02,-5.9639E-02
54485.0000,NaN,4.7842E-02,6.4970E-02,7.2062E-02,7.5549E-02,7.7647E-02,7.9111E-02,8.7197E-02,9.6909E-02,1.0694E-01
54486.0000,NaN,2.1454E-02,2.8954E-02,3.1945E-02,3.3309E-02,3.4415E-02,3.6831E-02,3.8756E-02,4.3450E-02,4.7815E-02
54487.0000,NaN,-4.6286E-02,-6.3676E-02,-7.0860E-02,-7.4380E-02,-7.6501E-02,-7.7996E-02,-8.8522E-02,-9.7300E-02,-1.0596E-01
54488.0000,NaN,-1.6297E-02,-2.2290E-02,-2.4690E-02,-2.5775E-02,-2.6581E-02,-2.8190E-02,-3.0029E-02,-3.4121E-02,-3.6936E-02
54489.0000,NaN,4.6671E-02,6.4171E-02,7.1318E-02,7.4721E-02,7.6713E-02,7.8186E-02,8.6076E-02,9.7308E-02,1.0493E-01
54490.0000,NaN,1.2341E-02,1.6844E-02,1.8639E-02,1.9447E-02,1.9970E-02,2.0474E-02,2.1365E-02,2.4522E-02,2.6732E-02
54491.0000,NaN,-4.9117E-02,-6.6306E-02,-7.3236E-02,-7.6415E-02,-7.8265E-02,-7.9649E-02,-8.2931E-02,-9.3291E-02,-1.0273E-01
54492.0000,NaN,-8.2633E-03,-1.1083E-02,-1.2218E-02,-1.2745E-02,-1.3070E-02,-1.3294E-02,-1.3632E-02,-1.5275E-02,-1.6941E-02
54493.0000,NaN,4.7351E-02,6.4382E-02,7.1286E-02,7.4502E-02,7.6546E-02,7.8243E-02,8.1313E-02,9.0226E-02,9.9255E-02
54494.0000,NaN,3.7994E-03,5.1650E-03,5.7241E-03,5.9849E-03,6.1406E-03,6.2431E-03,6.3734E-03,7.2074E-03,7.8893E-03
54495.0000,NaN,-4.5639E-02,-6.2768E-02,-6.9664E-02,-7.2790E-02,-7.4611E-02,-7.5794E-02,-7.7889E-02,-8.8062E-02,-9.5697E-02
54496.0000,NaN,2.0503E-04,2.7999E-04,3.1043E-04,3.2442E-04,3.3241E-04,3.3662E-04,3.4027E-04,3.9045E-04,4.3150E-04
54497.0000,NaN,4.5200E-02,6.1604E-02,6.8148E-02,7.1114E-02,7.2869E-02,7.3938E-02,7.4902E-02,8.3599E-02,9.1652E-02
54498.0000,NaN,-4.0074E-03,-5.4033E-03,-5.9687E-03,-6.2291E-03,-6.3870E-03,-6.5079E-03,-6.6333E-03,-7.3573E-03,-8.0672E-03
54499.0000,NaN,-4.2452E-02,-5.8185E-02,-6.4523E-02,-6.7483E-02,-6.9294E-02,-7.0514E-02,-7.2228E-02,-8.0068E-02,-8.7172E-02
54500.0000,NaN,7.3645E-03,1.0013E-02,1.1090E-02,1.1586E-02,1.1894E-02,1.2150E-02,1.2459E-02,1.3890E-02,1.5049E-02
54501.0000,NaN,4.0309E-02,5.5498E-02,6.1607E-02,6.4411E-02,6.5995E-02,6.6872E-02,6.8430E-02,7.6572E-02,8.2679E-02
54502.0000,NaN,-1.0998E-02,-1.5153E-02,-1.6817E-02,-1.7475E-02,-1.7645E-02,-1.7684E-02,-1.7710E-02,-1.9271E-02,-2.1355E-02
54503.0000,NaN,-4.2444E-02,-5.6857E-02,-6.2533E-02,-6.4555E-02,-6.4937E-02,-6.5017E-02,-6.5057E-02,-6.7743E-02,-7.6933E-02
54504.0000,NaN,1.3459E-02,1.7294E-02,1.8813E-02,2.0001E-02,2.2155E-02,2.3010E-02,2.3387E-02,2.4379E-02,2.6720E-02
54505.0000,NaN,2.6998E-02,3.9356E-02,4.4422E-02,4.8166E-02,5.8414E-02,6.2564E-02,6.4055E-02,6.7259E-02,7.1631E-02
54506.0000,NaN,-1.1481E-02,-1.7012E-02,-1.9417E-02,-2.0880E-02,-2.5351E-02,-2.8151E-02,-2.9077E-02,-3.0541E-02,-3.1966E-02
54507.0000,NaN,-2.3610E-02,-3.5608E-02,-4.0368E-02,-4.3086E-02,-5.0734E-02,-5.9232E-02,-6.2036E-02,-6.5071E-02,-6.7352E-02
54508.0000,NaN,1.3998E-02,2.0149E-02,2.2624E-02,2.3913E-02,2.7154E-02,3.2421E-02,3.4333E-02,3.6117E-02,3.7133E-02
54509.0000,NaN,2.6816E-02,3.6500E-02,4.0243E-02,4.2160E-02,4.6711E-02,5.4709E-02,5.7017E-02,6.1510E-02,6.3243E-02
54510.0000,NaN,-2.0478E-02,-2.7447E-02,-3.0228E-02,-3.1522E-02,-3.3684E-02,-3.5749E-02,-3.6089E-02,-3.9907E-02,-4.1858E-02
54511.0000,NaN,-3.3611E-02,-4.3188E-02,-4.6813E-02,-4.7991E-02,-4.8502E-02,-4.8907E-02,-4.8989E-02,-5.4054E-02,-5.8163E-02
54512.0000,NaN,2.6347E-02,3.3590E-02,3.6607E-02,3.7791E-02,3.8075E-02,3.8306E-02,3.8590E-02,4.0853E-02,4.5244E-02
54513.0000,NaN,2.5174E-02,3.3684E-02,3.7246E-02,3.9884E-02,4.2914E-02,4.4400E-02,4.5360E-02,4.8452E-02,5.2132E-02
54514.0000,NaN,-2.0059E-02,-2.9019E-02,-3.2950E-02,-3.5020E-02,-3.8219E-02,-4.1237E-02,-4.2780E-02,-4.5636E-02,-4.8182E-02
54515.0000,NaN,-1.8967E-02,-2.8239E-02,-3.2094E-02,-3.4078E-02,-3.6337E-02,-3.9429E-02,-4.1911E-02,-4.4795E-02,-4.6739E-02
54516.0000,NaN,2.3068E-02,3.3362E-02,3.7582E-02,3.9651E-02,4.1653E-02,4.2572E-02,4.4023E-02,4.9101E-02,5.1113E-02
54517.0000,NaN,2.2289E-02,3.0479E-02,3.3535E-02,3.4493E-02,3.4750E-02,3.4832E-02,3.4903E-02,3.9039E-02,4.1381E-02
54518.0000,NaN,-3.2501E-02,-4.1570E-02,-4.4453E-02,-4.4689E-02,-4.4726E-02,-4.4742E-02,-4.4751E-02,-4.9327E-02,-5.3151E-02
54519.0000,NaN,-1.8382E-02,-2.3383E-02,-2.7235E-02,-2.9024E-02,-2.9847E-02,-3.0641E-02,-3.1121E-02,-3.1895E-02,-3.5411E-02
54520.0000,NaN,1.7684E-02,2.5903E-02,3.2305E-02,4.3601E-02,4.6272E-02,4.7590E-02,4.8649E-02,5.0101E-02,5.4013E-02
54521.0000,NaN,8.3667E-03,1.3516E-02,1.6937E-02,2.3528E-02,2.5840E-02,2.6610E-02,2.7293E-02,2.8215E-02,2.9720E-02
54522.0000,NaN,-1.4502E-02,-2.4798E-02,-3.0891E-02,-4.1871E-02,-4.8119E-02,-5.0037E-02,-5.1518E-02,-5.3115E-02,-5.5199E-02
54523.0000,NaN,-7.0037E-03,-1.1342E-02,-1.3729E-02,-1.7966E-02,-2.1507E-02,-2.2789E-02,-2.3181E-02,-2.3473E-02,-2.4450E-02
54524.0000,NaN,1.9911E-02,2.8169E-02,3.2539E-02,4.1209E-02,5.1090E-02,5.3147E-02,5.3205E-02,5.3518E-02,5.6114E-02
54525.0000,NaN,8.5371E-03,1.2119E-02,1.3777E-02,1.6677E-02,1.7971E-02,1.7999E-02,1.8001E-02,1.8004E-02,1.8893E-02
54526.0000,NaN,-3.9272E-02,-4.7758E-02,-4.9581E-02,-5.0274E-02,-5.0719E-02,-5.1174E-02,-5.2067E-02,-5.3129E-02,-5.5432E-02
54527.0000,NaN,-8.8376E-03,-1.0601E-02,-1.0932E-02,-1.0984E-02,-1.1646E-02,-1.2750E-02,-1.3041E-02,-1.3363E-02,-1.3748E-02
54528.0000,NaN,1.5923E-02,2.4197E-02,3.6679E-02,4.3856E-02,4.7059E-02,5.1745E-02,5.3273E-02,5.4629E-02,5.5752E-02
54529.0000,NaN,2.2700E-03,3.8340E-03,5.5026E-03,7.0804E-03,7.6703E-03,8.2441E-03,8.5101E-03,8.7264E-03,8.8635E-03
54530.0000,NaN,-1.0255E-02,-2.2214E-02,-3.3057E-02,-4.3845E-02,-4.8396E-02,-5.2080E-02,-5.4019E-02,-5.5372E-02,-5.6068E-02
54531.0000,NaN,-8.4833E-04,-1.7251E-03,-2.4730E-03,-3.2410E-03,-3.5588E-03,-3.7724E-03,-3.9008E-03,-3.9950E-03,-4.0341E-03
54532.0000,NaN,1.4129E-02,2.3741E-02,3.2239E-02,4.3161E-02,4.8365E-02,5.2168E-02,5.4324E-02,5.5718E-02,5.6058E-02
54533.0000,NaN,-1.7619E-04,-2.6876E-04,-3.5187E-04,-4.9214E-04,-5.8435E-04,-6.8290E-04,-7.3481E-04,-7.5772E-04,-7.6211E-04
54534.0000,NaN,-2.1498E-02,-2.8489E-02,-3.3451E-02,-4.0971E-02,-4.5787E-02,-5.1516E-02,-5.4254E-02,-5.5349E-02,-5.5645E-02
54535.0000,NaN,2.3200E-03,2.9883E-03,3.3667E-03,3.8886E-03,4.2527E-03,4.9830E-03,5.3614E-03,5.4654E-03,5.4939E-03
54536.0000,NaN,2.4836E-02,3.2385E-02,3.5599E-02,3.9032E-02,4.1788E-02,4.8767E-02,5.3538E-02,5.4651E-02,5.4897E-02
54537.0000,NaN,-4.5771E-03,-5.9068E-03,-6.5331E-03,-7.0323E-03,-7.4979E-03,-8.7258E-03,-9.8278E-03,-1.0105E-02,-1.0152E-02
54538.0000,NaN,-2.2527E-02,-3.1311E-02,-3.4786E-02,-3.7080E-02,-3.9470E-02,-4.5395E-02,-5.1800E-02,-5.3576E-02,-5.3873E-02
54539.0000,NaN,6.1389E-03,8.2661E-03,9.2293E-03,9.8531E-03,1.0586E-02,1.2191E-02,1.4029E-02,1.4632E-02,1.4702E-02
54540.0000,NaN,2.0859E-02,2.9449E-02,3.2800E-02,3.4856E-02,3.7336E-02,4.2985E-02,4.9725E-02,5.2060E-02,5.2338E-02
54541.0000,NaN,-7.6716E-03,-1.0355E-02,-1.1531E-02,-1.2305E-02,-1.3432E-02,-1.5550E-02,-1.8058E-02,-1.8924E-02,-1.8985E-02
54542.0000,NaN,-1.9139E-02,-2.6806E-02,-2.9888E-02,-3.2091E-02,-3.5089E-02,-4.1088E-02,-4.7561E-02,-4.9993E-02,-5.0266E-02
54543.0000,NaN,8.8988E-03,1.2076E-02,1.3452E-02,1.4353E-02,1.5989E-02,1.8861E-02,2.1828E-02,2.3023E-02,2.3205E-02
54544.0000,NaN,1.7367E-02,2.4149E-02,2.6949E-02,2.9400E-02,3.2807E-02,3.9102E-02,4.5062E-02,4.7604E-02,4.8083E-02
54545.0000,NaN,-9.8325E-03,-1.3444E-02,-1.5049E-02,-1.6109E-02,-1.8410E-02,-2.2041E-02,-2.5381E-02,-2.6885E-02,-2.7175E-02
54546.0000,NaN,-1.5520E-02,-2.1364E-02,-2.3776E-02,-2.6729E-02,-3.0646E-02,-3.6977E-02,-4.2421E-02,-4.5054E-02,-4.5420E-02
54547.0000,NaN,1.0384E-02,1.4349E-02,1.6249E-02,1.7529E-02,2.0901E-02,2.5113E-02,2.8759E-02,3.0609E-02,3.0718E-02
54548.0000,NaN,1.3780E-02,1.8840E-02,2.0793E-02,2.4047E-02,2.8479E-02,3.4755E-02,3.9699E-02,4.2141E-02,4.2143E-02
54549.0000,NaN,-1.0680E-02,-1.4807E-02,-1.7155E-02,-1.8983E-02,-2.3155E-02,-2.8039E-02,-3.1994E-02,-3.3743E-02,-3.4018E-02
54550.0000,NaN,-1.2059E-02,-1.6528E-02,-1.8114E-02,-2.1242E-02,-2.5334E-02,-2.2493E-02,5.4801E-02,2.4751E-01,8.5743E-01
54551.0000,NaN,1.1304E-02,1.5422E-02,1.9062E-02,2.4390E-02,3.2162E-02,5.8905E-02,2.1466E-01,3.1860E-01,9.7236E-01
54552.0000,NaN,6.7813E-03,1.0439E-02,1.1451E-02,1.0288E-02,3.3653E-03,-2.7763E-02,-9.2838E-02,-9.6024E-02,8.6426E-02
54553.0000,NaN,-2.0469E-02,-2.5283E-02,-3.8774E-02,-6.7422E-02,-8.2860E-02,-1.0776E-01,-1.7760E-01,-1.9077E-01,-5.4315E-02
54554.0000,NaN,7.8374E-03,1.6147E-02,2.0671E-02,2.5915E-02,3.5165E-02,6.4496E-02,1.6226E-01,3.6534E-01,8.0846E-01
54555.0000,NaN,2.7878E-02,3.0473E-02,5.4076E-02,8.7656E-02,1.0706E-01,1.4399E-01,2.3295E-01,2.8920E-01,5.6590E-01
54556.0000,NaN,-2.1738E-03,-1.7918E-02,-3.3436E-02,-6.0433E-02,-8.3143E-02,-1.2229E-01,-1.5779E-01,-1.3309E-01,1.2100E-01
54557.0000,NaN,-5.1327E-03,-4.5842E-02,-8.1296E-02,-1.0374E-01,-1.2254E-01,-1.4280E-01,-1.3577E-01,1.4675E-02,3.8781E-01
54558.0000,NaN,3.6475E-03,4.1739E-02,6.6907E-02,8.7091E-02,1.0806E-01,1.4157E-01,2.1336E-01,2.8306E-01,4.9630E-01
54559.0000,NaN,6.4319E-03,6.1898E-02,8.6997E-02,1.0312E-01,1.1641E-01,1.4022E-01,1.9200E-01,3.1813E-01,7.1827E-01
54560.0000,NaN,-7.8579E-03,-6.1590E-02,-8.6117E-02,-1.0359E-01,-1.2827E-01,-1.5899E-01,-1.6215E-01,-1.2873E-01,7.2198E-02
54561.0000,NaN,-1.0971E-02,-5.4683E-02,-8.2659E-02,-9.8395E-02,-1.1383E-01,-1.3847E-01,-1.6544E-01,-1.2061E-01,3.6294E-02
54562.0000,NaN,1.6596E-02,5.5767E-02,9.2620E-02,1.1849E-01,1.4306E-01,1.7441E-01,2.4431E-01,3.9808E-01,6.5570E-01
54563.0000,NaN,1.6920E-02,4.0930E-02,6.6383E-02,9.0615E-02,1.0984E-01,1.5317E-01,2.9734E-01,4.1846E-01,6.1745E-01
54564.0000,NaN,-3.2902E-02,-5.6528E-02,-8.3690E-02,-1.2185E-01,-1.4620E-01,-1.2324E-01,-2.2835E-03,1.0617E-01,2.4223E-01
54565.0000,NaN,-2.6320E-02,-3.8663E-02,-5.2020E-02,-7.6398E-02,-1.0413E-01,-1.2667E-01,-9.9417E-02,-5.0805E-02,6.5356E-03
54566.0000,NaN,4.7796E-02,6.2106E-02,7.5908E-02,1.0200E-01,1.4317E-01,1.8771E-01,3.5084E-01,4.7217E-01,5.1714E-01
54567.0000,NaN,2.7194E-02,3.5434E-02,4.1814E-02,6.4459E-02,9.5599E-02,1.8423E-01,2.7092E-01,2.9247E-01,3.2112E-01
54568.0000,NaN,-4.7922E-02,-6.6738E-02,-7.7532E-02,-9.6767E-02,-1.4855E-01,-2.1311E-01,-2.1137E-01,-1.9666E-01,-1.7411E-01
54569.0000,NaN,-2.3202E-02,-2.9802E-02,-3.3548E-02,-6.0421E-02,-7.8228E-02,-8.2586E-02,1.5482E-02,2.4735E-02,3.5448E-02
54570.0000,NaN,4.0592E-02,6.1467E-02,7.6272E-02,1.1459E-01,2.0078E-01,4.2111E-01,5.2800E-01,5.3236E-01,5.3802E-01
54571.0000,NaN,2.0623E-02,3.0585E-02,3.4520E-02,8.2622E-02,1.0817E-01,1.7806E-01,2.1991E-01,2.2372E-01,2.2771E-01
54572.0000,NaN,-3.6560E-02,-4.7673E-02,-8.4327E-02,-1.7884E-01,-2.4383E-01,-2.9842E-01,-2.9032E-01,-2.8857E-01,-2.8620E-01
54573.0000,NaN,-1.3469E-02,-2.5966E-02,-3.0118E-02,-6.0671E-02,-5.9789E-02,5.5713E-02,1.2047E-01,1.2884E-01,1.3108E-01
54574.0000,NaN,3.6229E-02,4.7856E-02,9.1666E-02,2.3303E-01,4.0561E-01,6.0076E-01,6.7972E-01,6.8126E-01,6.8248E-01
54575.0000,NaN,1.2931E-02,3.1961E-02,4.4760E-02,1.3566E-01,1.9322E-01,2.6688E-01,2.9749E-01,3.1153E-01,3.1223E-01
54576.0000,NaN,-1.0815E-01,-1.4344E-01,-1.8585E-01,-2.8634E-01,-4.1209E-01,-4.6569E-01,-4.4959E-01,-4.4809E-01,-4.4722E-01
54577.0000,NaN,-2.7752E-02,-3.3143E-02,-4.3513E-02,-9.2279E-02,-1.3214E-01,-9.1578E-02,2.0586E-02,5.6294E-02,5.6720E-02
54578.0000,NaN,7.1733E-02,1.1267E-01,1.5555E-01,2.4811E-01,4.1726E-01,6.6633E-01,8.1779E-01,8.2125E-01,8.2185E-01
54579.0000,NaN,1.5861E-02,2.7640E-02,3.7836E-02,5.5094E-02,9.8548E-02,1.5461E-01,1.9527E-01,2.1874E-01,2.1892E-01
54580.0000,NaN,-7.7242E-02,-1.1167E-01,-1.7865E-01,-2.6350E-01,-4.3386E-01,-5.9129E-01,-5.1667E-01,-5.0078E-01,-5.0022E-01
54581.0000,NaN,-1.0679E-02,-1.7870E-02,-2.3452E-02,-3.1746E-02,-4.8331E-02,-1.9263E-02,4.5258E-02,4.9186E-02,4.9264E-02
54582.0000,NaN,1.2242E-01,1.4823E-01,1.9968E-01,2.6497E-01,4.2880E-01,7.7772E-01,8.1895E-01,8.2488E-01,8.2507E-01
54583.0000,NaN,1.1454E-02,1.7328E-02,1.9897E-02,2.5762E-02,5.3881E-02,1.0844E-01,1.7215E-01,1.7408E-01,1.7456E-01
54584.0000,NaN,-1.4364E-01,-1.6813E-01,-2.0130E-01,-2.3653E-01,-3.0641E-01,-3.2408E-01,-2.5984E-01,-2.5931E-01,-2.5919E-01
54585.0000,NaN,7.9111E-03,1.2569E-02,1.3637E-02,1.6990E-02,8.0601E-02,2.0719E-01,2.4228E-01,2.4232E-01,2.4233E-01
54586.0000,NaN,7.8340E-02,1.1643E-01,1.7701E-01,2.2883E-01,3.4279E-01,4.8991E-01,5.1054E-01,5.2021E-01,5.2356E-01
54587.0000,NaN,-1.9271E-02,-4.5800E-02,-5.4266E-02,-6.3399E-02,-8.9886E-02,-1.0481E-01,-4.1799E-02,7.2274E-02,1.2730E-01
54588.0000,NaN,-1.2173E-01,-1.6285E-01,-2.0320E-01,-2.3811E-01,-3.0149E-01,-3.7396E-01,-2.8217E-01,-1.6742E-01,-1.2334E-01
54589.0000,NaN,3.9857E-02,5.8889E-02,6.4981E-02,7.7856E-02,1.1321E-01,2.0137E-01,3.2700E-01,4.0313E-01,4.2704E-01
54590.0000,NaN,2.4025E-01,2.9973E-01,3.5286E-01,4.1301E-01,6.2509E-01,9.5132E-01,1.0761E+00,1.1132E+00,1.1232E+00
54591.0000,NaN,2.3535E-01,3.2776E-01,3.5193E-01,3.7600E-01,4.0774E-01,4.3616E-01,4.5581E-01,4.6822E-01,4.7357E-01
54592.0000,NaN,-3.4804E-01,-3.6477E-01,-3.7615E-01,-3.8510E-01,-4.2095E-01,-5.0759E-01,-5.4201E-01,-5.8419E-01,-5.9676E-01
54593.0000,NaN,-5.9619E-03,-1.2907E-01,-1.5168E-01,-1.5565E-01,-1.5598E-01,-1.5514E-01,-1.5083E-01,-1.4357E-01,-1.4009E-01
54594.0000,NaN,2.6803E-02,4.4746E-01,5.9052E-01,6.9083E-01,7.5086E-01,7.8926E-01,7.9423E-01,7.9963E-01,8.0155E-01
54595.0000,NaN,4.5128E-03,8.6714E-02,1.1166E-01,1.6874E-01,2.6523E-01,2.9167E-01,3.2438E-01,3.3246E-01,3.3384E-01
54596.0000,NaN,-2.4152E-02,-4.6057E-01,-6.1124E-01,-6.6649E-01,-6.2910E-01,-5.1966E-01,-5.0997E-01,-5.0483E-01,-5.0360E-01
54597.0000,NaN,-2.4018E-03,-4.8490E-02,-6.6513E-02,-5.5647E-02,3.0235E-02,5.3319E-02,9.9313E-02,1.0457E-01,1.0472E-01
54598.0000,NaN,2.3451E-02,4.7035E-01,6.2559E-01,7.0330E-01,7.4769E-01,8.4702E-01,8.5559E-01,8.5788E-01,8.5823E-01
54599.0000,NaN,4.2542E-04,8.7705E-03,1.1706E-02,2.0756E-02,7.6301E-02,9.3789E-02,1.2059E-01,1.2183E-01,1.2211E-01
54600.0000,NaN,-2.4533E-02,-4.7368E-01,-6.3393E-01,-6.7932E-01,-6.6042E-01,-5.3647E-01,-5.2627E-01,-5.2376E-01,-5.2340E-01
54601.0000,NaN,1.5860E-03,3.1252E-02,4.2011E-02,5.0924E-02,1.1713E-01,1.7780E-01,2.1463E-01,2.1621E-01,2.1625E-01
54602.0000,NaN,2.9797E-02,4.5948E-01,6.2854E-01,6.8447E-01,7.4108E-01,9.1305E-01,9.3143E-01,9.3281E-01,9.3353E-01
54603.0000,NaN,-4.5451E-03,-7.0069E-02,-9.8108E-02,-1.0719E-01,-8.8570E-02,-3.7658E-02,-3.6890E-02,-3.6780E-02,-3.6593E-02
54604.0000,NaN,-4.7979E-02,-4.0326E-01,-5.9526E-01,-6.3629E-01,-5.8223E-01,-5.4247E-01,-5.3566E-01,-5.3473E-01,-5.3468E-01
54605.0000,NaN,1.3077E-02,9.6656E-02,1.5781E-01,2.6679E-01,4.3251E-01,5.1103E-01,5.1355E-01,5.1467E-01,5.1495E-01
54606.0000,NaN,8.5820E-02,3.0420E-01,4.8805E-01,7.0575E-01,7.9011E-01,8.2711E-01,8.5673E-01,8.6020E-01,8.6081E-01
54607.0000,NaN,-4.6975E-02,-1.3885E-01,-2.0764E-01,-3.0510E-01,-3.2452E-01,-9.9697E-02,-7.6026E-02,-7.3132E-02,-7.2097E-02
54608.0000,NaN,-1.3618E-01,-2.2878E-01,-3.0426E-01,-4.3069E-01,-5.1791E-01,-5.0493E-01,-5.0349E-01,-5.0343E-01,-5.0341E-01
54609.0000,NaN,1.0771E-01,1.7289E-01,2.2222E-01,3.1985E-01,4.4432E-01,4.8799E-01,4.9095E-01,4.9206E-01,4.9249E-01
54610.0000,NaN,4.2811E-01,5.3027E-01,5.9072E-01,6.6718E-01,7.1410E-01,7.3364E-01,7.5118E-01,7.6586E-01,7.6990E-01
54611.0000,NaN,-1.4155E-01,-1.5586E-01,-1.6221E-01,-1.7081E-01,-1.7706E-01,-1.7826E-01,-1.7873E-01,-1.7875E-01,-1.7861E-01
54612.0000,NaN,-6.1204E-02,-1.8368E-01,-2.2664E-01,-2.3943E-01,-2.6267E-01,-2.8354E-01,-2.8508E-01,-2.8474E-01,-2.8466E-01
54613.0000,NaN,5.4868E-02,2.3218E-01,3.9076E-01,4.6329E-01,5.1305E-01,5.4414E-01,5.4952E-01,5.5207E-01,5.5333E-01
54614.0000,NaN,9.4739E-02,3.9179E-01,4.9627E-01,5.1204E-01,5.1849E-01,5.2087E-01,5.2110E-01,5.2121E-01,5.2129E-01
54615.0000,NaN,-3.2146E-02,-9.9107E-02,-1.3437E-01,-1.4024E-01,-1.3991E-01,-1.3750E-01,-1.3564E-01,-1.3484E-01,-1.3476E-01
54616.0000,NaN,-5.3462E-02,-1.7908E-01,-2.3597E-01,-2.4373E-01,-2.3706E-01,-2.2173E-01,-2.0836E-01,-2.0326E-01,-2.0180E-01
54617.0000,NaN,1.6306E-01,3.8287E-01,4.9322E-01,5.3249E-01,5.5663E-01,5.7645E-01,5.9145E-01,5.9719E-01,5.9765E-01
54618.0000,NaN,4.3215E-01,5.0053E-01,5.3005E-01,5.3337E-01,5.3499E-01,5.3711E-01,5.3925E-01,5.4002E-01,5.4014E-01
54619.0000,NaN,-1.4183E-01,-1.8803E-01,-2.0681E-01,-2.1351E-01,-2.1503E-01,-2.1582E-01,-2.1627E-01,-2.1650E-01,-2.1676E-01
54620.0000,NaN,-3.9946E-02,-7.7130E-02,-9.6714E-02,-1.1607E-01,-1.2278E-01,-1.2270E-01,-1.2212E-01,-1.2122E-01,-1.2056E-01
54621.0000,NaN,1.0440E-01,3.1725E-01,4.1369E-01,4.7895E-01,5.2761E-01,5.4519E-01,5.5181E-01,5.5469E-01,5.5590E-01
54622.0000,NaN,1.7937E-01,2.9043E-01,3.3709E-01,3.6477E-01,3.7756E-01,3.7932E-01,3.7982E-01,3.8009E-01,3.8024E-01
54623.0000,NaN,-1.3859E-01,-1.7780E-01,-1.9405E-01,-2.0675E-01,-2.1165E-01,-2.1186E-01,-2.1193E-01,-2.1197E-01,-2.1199E-01
54624.0000,NaN,1.4572E-02,3.6481E-02,4.2756E-02,4.5202E-02,4.6331E-02,4.7165E-02,4.7775E-02,4.8087E-02,4.8182E-02
54625.0000,NaN,2.6541E-01,3.3540E-01,3.6832E-01,3.9148E-01,4.1223E-01,4.2978E-01,4.3961E-01,4.4340E-01,4.4436E-01
54626.0000,NaN,4.3705E-02,5.2428E-02,5.4941E-02,5.6594E-02,5.8620E-02,6.1654E-02,6.4552E-02,6.5564E-02,6.5712E-02
54627.0000,NaN,-5.4748E-02,-7.7692E-02,-9.5328E-02,-1.1534E-01,-1.1700E-01,-1.1343E-01,-1.1226E-01,-1.1193E-01,-1.1190E-01
54628.0000,NaN,3.3517E-02,1.4979E-01,1.8287E-01,2.0542E-01,2.1051E-01,2.1181E-01,2.1210E-01,2.1220E-01,2.1224E-01
54629.0000,NaN,1.8929E-01,2.8226E-01,3.1853E-01,3.2642E-01,3.2681E-01,3.2694E-01,3.2704E-01,3.2718E-01,3.2740E-01
54630.0000,NaN,-3.6210E-02,-4.4708E-02,-4.8322E-02,-7.0847E-02,-8.9821E-02,-9.1060E-02,-8.9757E-02,-8.6671E-02,-8.6040E-02
54631.0000,NaN,-6.6682E-02,-9.9803E-02,-1.1508E-01,-1.7612E-01,-2.9247E-01,-2.4758E-01,8.9750E-02,2.2778E-01,2.2884E-01
54632.0000,NaN,2.1949E-02,4.0907E-02,4.8923E-02,6.8156E-02,1.2334E-01,2.2428E-01,4.3558E-01,4.6218E-01,4.6225E-01
54633.0000,NaN,5.3844E-02,9.2259E-02,1.0924E-01,1.4962E-01,2.4680E-01,2.4890E-01,2.7208E-01,2.8324E-01,2.8624E-01
54634.0000,NaN,-3.0110E-02,-5.2449E-02,-6.1247E-02,-8.2030E-02,-1.4566E-01,-1.7802E-01,-6.2252E-02,-3.2138E-02,-2.0790E-02
54635.0000,NaN,-5.9670E-02,-8.2394E-02,-9.2367E-02,-1.1617E-01,-1.8526E-01,-1.1052E-01,-3.1932E-02,-1.4781E-02,-6.2262E-03
54636.0000,NaN,4.3271E-02,6.0422E-02,6.7048E-02,8.2552E-02,1.5467E-01,2.3401E-01,2.6471E-01,2.7789E-01,2.8300E-01
54637.0000,NaN,5.1481E-02,6.8693E-02,7.6148E-02,8.9444E-02,1.3996E-01,1.7831E-01,2.1036E-01,2.1602E-01,2.1811E-01
54638.0000,NaN,-3.8262E-02,-5.0479E-02,-5.4804E-02,-5.7893E-02,-3.6608E-02,2.9370E-02,3.8654E-02,3.9839E-02,4.0645E-02
54639.0000,NaN,3.9026E-02,7.4391E-02,7.9633E-02,8.6548E-02,1.4300E-01,1.4675E-01,1.4783E-01,1.4807E-01,1.4826E-01
54640.0000,NaN,1.2360E-01,1.4208E-01,1.4605E-01,1.4672E-01,1.4788E-01,1.4818E-01,1.4880E-01,1.4942E-01,1.4965E-01
54641.0000,NaN,-2.2715E-03,-2.3643E-03,-2.3165E-03,-2.2521E-03,-2.1752E-03,-1.5166E-03,-2.1146E-04,9.5442E-04,1.3732E-03
54642.0000,NaN,-1.5871E-03,-8.3606E-03,-7.7367E-03,-1.9600E-03,2.8051E-02,4.4924E-02,4.7823E-02,4.8934E-02,4.9305E-02
54643.0000,NaN,8.8831E-04,4.8813E-03,1.5346E-02,8.7024E-02,2.7319E-01,2.8150E-01,2.8515E-01,2.8616E-01,2.8621E-01
54644.0000,NaN,2.0289E-03,1.0984E-02,3.1974E-02,1.6503E-01,2.9093E-01,3.0196E-01,3.0300E-01,3.0334E-01,3.0342E-01
54645.0000,NaN,-2.5048E-03,-2.2942E-02,-4.9258E-02,-9.1829E-02,-1.0049E-01,-9.9844E-02,-9.9812E-02,-9.9759E-02,-9.9591E-02
54646.0000,NaN,-2.8481E-03,-2.5349E-02,-3.9966E-02,-6.4592E-03,4.9407E-02,5.4211E-02,5.7857E-02,5.8983E-02,5.9157E-02
54647.0000,NaN,7.7187E-03,6.4857E-02,1.4216E-01,2.4494E-01,2.8961E-01,2.9162E-01,2.9442E-01,2.9525E-01,2.9531E-01
54648.0000,NaN,6.5719E-03,7.2742E-02,1.4478E-01,1.7819E-01,2.0552E-01,2.3211E-01,2.3941E-01,2.4439E-01,2.4683E-01
54649.0000,NaN,-2.1835E-02,-1.2505E-01,-1.7823E-01,-1.7065E-01,-1.0858E-01,-3.3194E-02,-6.9872E-03,2.1627E-03,7.0630E-03
54650.0000,NaN,-1.4397E-02,-3.8657E-02,-6.4141E-02,3.2122E-02,8.3954E-02,9.4988E-02,9.9207E-02,1.0083E-01,1.0120E-01
54651.0000,NaN,1.0153E-01,1.9563E-01,3.0743E-01,3.7881E-01,4.0039E-01,4.1053E-01,4.1223E-01,4.1334E-01,4.1443E-01
54652.0000,NaN,9.9698E-02,1.1590E-01,1.3626E-01,1.4291E-01,1.4707E-01,1.4890E-01,1.4933E-01,1.4975E-01,1.5022E-01
54653.0000,NaN,-5.5830E-02,-1.1490E-01,-1.2360E-01,-1.2464E-01,-1.2500E-01,-1.2506E-01,-1.2508E-01,-1.2508E-01,-1.2507E-01
54654.0000,NaN,8.7384E-02,1.6057E-01,1.9661E-01,2.1296E-01,2.1754E-01,2.2052E-01,2.2260E-01,2.2344E-01,2.2360E-01
54655.0000,NaN,2.8314E-01,3.4836E-01,3.6431E-01,3.7584E-01,3.9057E-01,4.0486E-01,4.1205E-01,4.1547E-01,4.1659E-01
54656.0000,NaN,-2.0700E-02,-2.2098E-02,-2.2789E-02,-2.2833E-02,-2.2650E-02,-2.2142E-02,-2.1565E-02,-2.1258E-02,-2.1127E-02
54657.0000,NaN,-3.7261E-03,-4.5681E-02,-4.7426E-02,-4.2072E-02,-4.0448E-02,-3.9927E-02,-3.9640E-02,-3.9544E-02,-3.9518E-02
54658.0000,NaN,1.4102E-02,2.7583E-01,3.8161E-01,3.9610E-01,3.9773E-01,3.9784E-01,3.9788E-01,3.9791E-01,3.9792E-01
54659.0000,NaN,9.0348E-03,1.9203E-01,2.2173E-01,2.2563E-01,2.2586E-01,2.2598E-01,2.2614E-01,2.2638E-01,2.2651E-01
54660.0000,NaN,-1.8736E-02,-2.7990E-01,-3.0276E-01,-3.0275E-01,-3.0150E-01,-2.9586E-01,-2.8580E-01,-2.7555E-01,-2.6997E-01
54661.0000,NaN,-1.1045E-02,-1.4132E-01,-1.5476E-01,-1.5047E-01,-1.1627E-01,-5.5493E-02,-2.0559E-02,-4.5643E-03,1.4646E-04
54662.0000,NaN,4.4453E-02,4.3505E-01,5.0521E-01,5.1525E-01,5.2320E-01,5.2839E-01,5.3057E-01,5.3206E-01,5.3265E-01
54663.0000,NaN,5.6076E-02,2.2710E-01,2.3570E-01,2.3602E-01,2.3611E-01,2.3618E-01,2.3624E-01,2.3632E-01,2.3642E-01
54664.0000,NaN,-1.3345E-01,-2.4252E-01,-2.4490E-01,-2.4523E-01,-2.4543E-01,-2.4572E-01,-2.4617E-01,-2.4640E-01,-2.4642E-01
54665.0000,NaN,1.2378E-03,1.7743E-03,3.3435E-03,6.1598E-03,1.0656E-02,1.4902E-02,1.6355E-02,1.6847E-02,1.6950E-02
54666.0000,NaN,4.5373E-02,9.4373E-02,1.9268E-01,3.2215E-01,4.2682E-01,4.6209E-01,4.6585E-01,4.6694E-01,4.6722E-01
54667.0000,NaN,-8.5969E-04,-1.7569E-03,2.8955E-03,5.6691E-02,1.4395E-01,1.6926E-01,1.7233E-01,1.7298E-01,1.7330E-01
54668.0000,NaN,-5.5811E-02,-1.1359E-01,-2.0356E-01,-2.8204E-01,-2.9297E-01,-2.8501E-01,-2.8443E-01,-2.8434E-01,-2.8430E-01
54669.0000,NaN,2.4775E-04,4.3037E-04,-1.4879E-04,3.3135E-04,3.8838E-02,4.6362E-02,4.6652E-02,4.6719E-02,4.6735E-02
54670.0000,NaN,1.0534E-01,1.4845E-01,2.6619E-01,4.5237E-01,5.2281E-01,5.3542E-01,5.4057E-01,5.4359E-01,5.4461E-01
54671.0000,NaN,1.2372E-01,1.5628E-01,1.8668E-01,2.1871E-01,2.5289E-01,2.6280E-01,2.6420E-01,2.6512E-01,2.6558E-01
54672.0000,NaN,-9.9863E-02,-1.1133E-01,-1.2394E-01,-1.4326E-01,-1.5103E-01,-1.5191E-01,-1.5202E-01,-1.5200E-01,-1.5199E-01
54673.0000,NaN,2.2673E-02,9.4388E-02,1.0633E-01,1.1219E-01,1.1659E-01,1.1802E-01,1.1944E-01,1.2084E-01,1.2156E-01
54674.0000,NaN,8.1078E-02,3.4625E-01,4.0526E-01,4.1336E-01,4.1623E-01,4.1684E-01,4.1748E-01,4.1810E-01,4.1847E-01
54675.0000,NaN,7.7869E-02,1.8963E-01,2.1070E-01,2.1618E-01,2.1789E-01,2.1845E-01,2.1861E-01,2.1869E-01,2.1873E-01
54676.0000,NaN,-4.7940E-02,-1.0443E-01,-1.1457E-01,-1.1497E-01,-1.1496E-01,-1.1486E-01,-1.1474E-01,-1.1464E-01,-1.1458E-01
54677.0000,NaN,7.0027E-03,4.8536E-02,5.9436E-02,6.7933E-02,7.3336E-02,7.5450E-02,7.6586E-02,7.7278E-02,7.7557E-02
54678.0000,NaN,4.2522E-01,8.0985E-01,8.6782E-01,8.8282E-01,8.8839E-01,8.9007E-01,8.9080E-01,8.9117E-01,8.9129E-01
54679.0000,NaN,8.2679E-02,9.0666E-02,9.4348E-02,9.7166E-02,9.9460E-02,1.0048E-01,1.0108E-01,1.0143E-01,1.0157E-01
54680.0000,NaN,-7.2629E-02,-3.2484E-01,-3.8505E-01,-4.0405E-01,-4.1908E-01,-4.6862E-01,-5.0329E-01,-5.0465E-01,-5.0281E-01
54681.0000,NaN,-7.1757E-03,-2.4507E-02,-3.7827E-02,-4.0979E-02,-4.0485E-02,-3.2282E-02,1.1107E-01,3.7554E-01,4.1238E-01
54682.0000,NaN,1.6649E-02,2.5576E-01,3.7134E-01,4.3877E-01,4.8829E-01,6.0998E-01,9.2635E-01,9.8846E-01,9.9913E-01
54683.0000,NaN,1.6791E-04,2.0898E-03,-7.0714E-04,-6.5459E-03,-1.0238E-02,-1.2791E-02,-1.3031E-02,-9.4951E-03,-5.6465E-03
54684.0000,NaN,-2.7043E-02,-3.6314E-01,-5.3303E-01,-5.8302E-01,-5.8996E-01,-5.9525E-01,-5.9780E-01,-5.8053E-01,-5.7760E-01
54685.0000,NaN,1.4417E-02,2.4558E-01,3.5387E-01,3.8022E-01,3.8288E-01,3.9337E-01,4.4123E-01,4.4775E-01,4.5077E-01
54686.0000,NaN,2.6408E-01,6.3235E-01,7.5613E-01,7.7419E-01,7.7567E-01,7.7794E-01,7.8062E-01,7.8157E-01,7.8308E-01
54687.0000,NaN,-8.1173E-02,-1.0000E-01,-1.1191E-01,-1.2267E-01,-1.3432E-01,-1.3815E-01,-1.3945E-01,-1.3977E-01,-1.3959E-01
54688.0000,NaN,-1.3691E-01,-3.0793E-01,-3.4325E-01,-3.5273E-01,-3.6571E-01,-3.7580E-01,-3.7942E-01,-3.7995E-01,-3.8002E-01
54689.0000,NaN,2.6424E-01,3.9686E-01,4.5847E-01,4.8438E-01,4.9332E-01,4.9612E-01,4.9828E-01,4.9932E-01,4.9989E-01
54690.0000,NaN,3.2705E-01,4.1687E-01,4.3791E-01,4.4623E-01,4.5153E-01,4.5314E-01,4.5411E-01,4.5495E-01,4.5531E-01
54691.0000,NaN,-9.8767E-02,-1.2820E-01,-1.5177E-01,-1.6819E-01,-1.8275E-01,-2.0031E-01,-2.0896E-01,-2.1099E-01,-2.1118E-01
54692.0000,NaN,-6.0198E-02,-1.3616E-01,-1.7361E-01,-2.0129E-01,-2.0847E-01,-1.6904E-01,-1.3523E-01,-1.2742E-01,-1.2595E-01
54693.0000,NaN,5.6410E-02,1.6031E-01,2.2075E-01,2.7651E-01,3.3165E-01,3.6641E-01,3.8420E-01,3.8810E-01,3.8842E-01
54694.0000,NaN,7.4943E-02,1.8385E-01,2.3451E-01,2.6500E-01,2.7758E-01,2.8655E-01,2.9416E-01,2.9680E-01,2.9780E-01
54695.0000,NaN,-2.8750E-02,-5.9415E-02,-7.0461E-02,-6.7833E-02,-6.4441E-02,-5.8654E-02,-5.5660E-02,-5.4886E-02,-5.4686E-02
54696.0000,NaN,4.9502E-02,3.1010E-01,3.6287E-01,3.7145E-01,3.7455E-01,3.7647E-01,3.7761E-01,3.7794E-01,3.7802E-01
54697.0000,NaN,6.1742E-01,6.7220E-01,7.1214E-01,7.3540E-01,7.4625E-01,7.5278E-01,7.5680E-01,7.5954E-01,7.6084E-01
54698.0000,NaN,6.7427E-02,8.3905E-02,8.7181E-02,8.8248E-02,8.9072E-02,9.0080E-02,9.1340E-02,9.2244E-02,9.2612E-02
54699.0000,NaN,-1.8805E-02,-9.6941E-02,-1.5505E-01,-1.5013E-01,-1.4574E-01,-1.4350E-01,-1.4207E-01,-1.4139E-01,-1.4110E-01
54700.0000,NaN,1.3502E-01,1.2040E+00,1.6161E+00,1.6707E+00,1.6755E+00,1.6769E+00,1.6777E+00,1.6782E+00,1.6783E+00
54701.0000,NaN,2.4357E-02,1.2343E-01,2.0217E-01,2.2371E-01,2.3542E-01,2.4900E-01,2.5573E-01,2.5884E-01,2.6022E-01
54702.0000,NaN,-3.2715E-01,-5.5319E-01,-8.0633E-01,-9.7305E-01,-1.2080E+00,-1.5781E+00,-1.6161E+00,-1.4393E+00,-1.2087E+00
54703.0000,NaN,-2.2818E-02,-3.4873E-02,-4.3794E-02,-4.6687E-02,-4.9899E-02,-7.6425E-02,-6.2383E-02,1.1048E-01,2.7884E-01
54704.0000,NaN,3.6374E-01,5.1681E-01,6.3850E-01,7.1809E-01,7.8733E-01,8.8970E-01,1.3895E+00,1.7291E+00,1.8568E+00
54705.0000,NaN,-2.2238E-03,-3.1170E-03,-3.5241E-03,-3.6118E-03,-3.4695E-03,-1.0560E-03,5.2705E-03,1.0348E-01,1.8309E-01
54706.0000,NaN,-4.1022E-01,-5.5984E-01,-6.3525E-01,-6.8680E-01,-7.2476E-01,-7.7201E-01,-8.6745E-01,-9.8235E-01,-1.0821E+00
54707.0000,NaN,8.7422E-02,1.1964E-01,1.3216E-01,1.3771E-01,1.4270E-01,1.6119E-01,1.8705E-01,2.4172E-01,2.7945E-01
54708.0000,NaN,4.9611E-01,6.6768E-01,7.4328E-01,7.8272E-01,8.0529E-01,8.2665E-01,8.5540E-01,8.7658E-01,8.9933E-01
54709.0000,NaN,-4.0354E-02,-4.8054E-02,-5.1067E-02,-5.2409E-02,-5.3284E-02,-5.4276E-02,-5.4970E-02,-5.4192E-02,-5.1091E-02
54710.0000,NaN,-1.5390E-01,-3.0808E-01,-3.7090E-01,-4.0347E-01,-4.2285E-01,-4.3625E-01,-4.6443E-01,-4.6858E-01,-4.6457E-01
54711.0000,NaN,6.7190E-02,1.7034E-01,2.2494E-01,2.5950E-01,2.8728E-01,3.0963E-01,3.2279E-01,3.2912E-01,3.3981E-01
54712.0000,NaN,3.2292E-01,5.8499E-01,6.8249E-01,7.1824E-01,7.2994E-01,7.3369E-01,7.3726E-01,7.4205E-01,7.4389E-01
54713.0000,NaN,-5.3891E-02,-6.7938E-02,-7.4881E-02,-7.8892E-02,-8.1408E-02,-8.2709E-02,-8.3000E-02,-8.2850E-02,-8.2425E-02
54714.0000,NaN,-1.2729E-01,-2.2654E-01,-2.5702E-01,-2.7213E-01,-2.9435E-01,-3.2919E-01,-3.3058E-01,-3.3013E-01,-3.2972E-01
54715.0000,NaN,8.7385E-02,1.9749E-01,2.4862E-01,2.7186E-01,2.8115E-01,2.8412E-01,2.8800E-01,2.9177E-01,2.9597E-01
54716.0000,NaN,3.2314E-01,4.3083E-01,4.6394E-01,4.7573E-01,4.9167E-01,5.4081E-01,5.4702E-01,5.4853E-01,5.4928E-01
54717.0000,NaN,-5.4780E-02,-6.5793E-02,-7.1297E-02,-7.4871E-02,-7.6247E-02,-7.6506E-02,-7.6610E-02,-7.6039E-02,-7.5146E-02
54718.0000,NaN,-1.0250E-01,-1.6873E-01,-1.8888E-01,-1.9770E-01,-2.1139E-01,-1.7628E-01,-1.4328E-01,-1.3589E-01,-1.3197E-01
54719.0000,NaN,9.6713E-02,1.8134E-01,2.2901E-01,2.6831E-01,3.2030E-01,3.9427E-01,4.0068E-01,4.2414E-01,4.6683E-01
54720.0000,NaN,7.3819E-02,1.5569E-01,1.8122E-01,1.8771E-01,1.9009E-01,2.5242E-01,3.3964E-01,3.6155E-01,3.8493E-01
54721.0000,NaN,-1.2240E-01,-1.6351E-01,-1.8529E-01,-2.2202E-01,-2.9486E-01,-4.0369E-01,-4.3034E-01,-4.3870E-01,-4.5337E-01
54722.0000,NaN,-4.3772E-02,-7.8925E-02,-8.8298E-02,-9.1815E-02,-9.5881E-02,-5.7006E-02,1.2700E-01,1.7212E-01,2.1277E-01
54723.0000,NaN,2.9849E-01,4.0720E-01,4.5826E-01,5.0037E-01,5.5502E-01,6.6429E-01,6.8801E-01,6.9329E-01,7.2868E-01
54724.0000,NaN,1.4522E-01,1.6564E-01,1.7135E-01,1.7353E-01,1.7626E-01,1.8535E-01,2.3611E-01,2.6107E-01,2.6780E-01
54725.0000,NaN,-8.4524E-02,-1.5435E-01,-1.9976E-01,-2.2834E-01,-2.4003E-01,-2.3766E-01,-2.2674E-01,-2.2283E-01,-2.1598E-01
54726.0000,NaN,-8.4114E-03,-1.5658E-02,-2.0788E-02,-1.2942E-02,2.1673E-02,4.1045E-02,5.2515E-02,6.0516E-02,6.4128E-02
54727.0000,NaN,5.3182E-02,2.3039E-01,3.7999E-01,5.7027E-01,6.3053E-01,6.4229E-01,6.5123E-01,6.5344E-01,6.5642E-01
54728.0000,NaN,4.8109E-02,1.6458E-01,2.2847E-01,2.4816E-01,2.5715E-01,2.6212E-01,2.6585E-01,2.6954E-01,2.7080E-01
54729.0000,NaN,-8.7131E-02,-1.3355E-01,-1.7673E-01,-2.3565E-01,-2.3746E-01,-2.3439E-01,-2.3222E-01,-2.3110E-01,-2.3026E-01
54730.0000,NaN,1.2070E-02,2.1334E-02,3.0001E-02,4.7443E-02,5.4074E-02,5.7066E-02,6.0884E-02,6.6598E-02,6.7887E-02
54731.0000,NaN,7.8060E-02,1.1696E-01,1.4158E-01,1.7232E-01,2.0544E-01,2.1754E-01,2.2056E-01,2.2174E-01,2.2191E-01
54732.0000,NaN,-2.2709E-02,-3.4443E-02,-4.0971E-02,-5.0747E-02,-6.1341E-02,-7.3912E-02,-8.0025E-02,-8.4455E-02,-8.5788E-02
54733.0000,NaN,-7.5041E-02,-1.1044E-01,-1.2900E-01,-1.4838E-01,-1.6821E-01,-1.9236E-01,-2.1064E-01,-2.1396E-01,-2.1440E-01
54734.0000,NaN,3.7024E-02,5.4255E-02,6.2063E-02,7.1059E-02,7.9153E-02,8.4041E-02,8.9868E-02,9.6590E-02,1.0120E-01
54735.0000,NaN,1.0861E-01,1.3899E-01,1.5194E-01,1.6274E-01,1.7211E-01,1.7654E-01,1.7738E-01,1.7791E-01,1.9349E-01
54736.0000,NaN,-6.5352E-02,-8.2937E-02,-8.9376E-02,-9.2766E-02,-9.4531E-02,-9.4883E-02,-9.4941E-02,-9.4965E-02,-9.7039E-02
54737.0000,NaN,-9.2446E-02,-1.1925E-01,-1.3140E-01,-1.3737E-01,-1.4288E-01,-1.4639E-01,-1.5113E-01,-1.5402E-01,-1.5870E-01
54738.0000,NaN,4.7775E-02,6.6219E-02,7.3837E-02,7.7863E-02,8.3474E-02,9.7052E-02,1.0253E-01,1.0515E-01,1.0745E-01
54739.0000,NaN,5.0668E-02,7.9920E-02,9.2837E-02,9.9259E-02,1.0630E-01,1.2707E-01,1.4095E-01,1.4534E-01,1.4761E-01
54740.0000,NaN,-3.9844E-02,-6.4616E-02,-7.4679E-02,-7.9414E-02,-8.3906E-02,-9.5825E-02,-1.1226E-01,-1.1739E-01,-1.1905E-01
54741.0000,NaN,-4.9311E-02,-7.4714E-02,-8.5210E-02,-9.0096E-02,-9.4494E-02,-1.0487E-01,-1.2385E-01,-1.3432E-01,-1.3639E-01
54742.0000,NaN,5.3055E-02,7.4867E-02,8.3293E-02,8.7123E-02,9.0293E-02,9.7889E-02,1.1013E-01,1.2572E-01,1.2945E-01
54743.0000,NaN,5.7070E-02,7.5926E-02,8.3368E-02,8.6703E-02,8.9075E-02,9.4117E-02,1.0161E-01,1.1030E-01,1.2212E-01
54744.0000,NaN,-6.8381E-02,-8.9529E-02,-9.7755E-02,-1.0140E-01,-1.0349E-01,-1.0634E-01,-1.1034E-01,-1.1330E-01,-1.3105E-01
54745.0000,NaN,-5.3955E-02,-7.0515E-02,-7.7441E-02,-8.0683E-02,-8.2463E-02,-8.3655E-02,-8.5424E-02,-8.6887E-02,-9.8921E-02
54746.0000,NaN,6.4950E-02,8.8092E-02,9.7542E-02,1.0211E-01,1.0529E-01,1.0762E-01,1.0992E-01,1.1311E-01,1.2526E-01
54747.0000,NaN,4.0790E-02,5.6344E-02,6.2916E-02,6.5993E-02,6.7883E-02,6.9463E-02,7.1153E-02,7.3013E-02,8.0065E-02
54748.0000,NaN,-6.2443E-02,-8.7794E-02,-9.8039E-02,-1.0279E-01,-1.0563E-01,-1.0747E-01,-1.0911E-01,-1.1235E-01,-1.2242E-01
54749.0000,NaN,-3.4088E-02,-4.7123E-02,-5.2396E-02,-5.4787E-02,-5.6211E-02,-5.7115E-02,-5.7758E-02,-5.8847E-02,-6.4256E-02
54750.0000,NaN,6.4723E-02,8.8337E-02,9.7679E-02,1.0196E-01,1.0453E-01,1.0625E-01,1.0746E-01,1.1014E-01,1.1919E-01
54751.0000,NaN,2.7638E-02,3.7491E-02,4.1463E-02,4.3285E-02,4.4366E-02,4.5031E-02,4.5439E-02,4.6065E-02,5.0101E-02
54752.0000,NaN,-6.2705E-02,-8.5823E-02,-9.5112E-02,-9.9372E-02,-1.0192E-01,-1.0356E-01,-1.0471E-01,-1.0804E-01,-1.1575E-01
54753.0000,NaN,-2.0340E-02,-2.7770E-02,-3.0786E-02,-3.2193E-02,-3.3065E-02,-3.3675E-02,-3.4144E-02,-3.4785E-02,-3.7671E-02
54754.0000,NaN,5.9753E-02,8.2619E-02,9.1844E-02,9.6069E-02,9.8565E-02,1.0012E-01,1.0124E-01,1.0640E-01,1.1292E-01
54755.0000,NaN,1.4177E-02,1.9499E-02,2.1644E-02,2.2627E-02,2.3207E-02,2.3539E-02,2.3687E-02,2.4161E-02,2.6466E-02
54756.0000,NaN,-5.8650E-02,-8.0322E-02,-8.8990E-02,-9.2892E-02,-9.5156E-02,-9.6558E-02,-9.7293E-02,-1.0245E-01,-1.1032E-01
54757.0000,NaN,-8.6037E-03,-1.1717E-02,-1.2969E-02,-1.3547E-02,-1.3889E-02,-1.4106E-02,-1.4306E-02,-1.4740E-02,-1.6133E-02
54758.0000,NaN,5.6288E-02,7.7256E-02,8.5724E-02,8.9609E-02,9.1907E-02,9.3204E-02,9.3918E-02,9.7632E-02,1.0648E-01
54759.0000,NaN,3.4765E-03,4.7485E-03,5.2593E-03,5.4922E-03,5.6297E-03,5.7166E-03,5.7602E-03,5.9086E-03,6.4800E-03
54760.0000,NaN,-5.3672E-02,-7.3394E-02,-8.1342E-02,-8.4983E-02,-8.7153E-02,-8.8635E-02,-8.9933E-02,-9.5095E-02,-1.0194E-01
54761.0000,NaN,1.2045E-03,1.6399E-03,1.8155E-03,1.8986E-03,1.9529E-03,1.9940E-03,2.0310E-03,2.1409E-03,2.3153E-03
54762.0000,NaN,5.0692E-02,6.9889E-02,7.7683E-02,8.1246E-02,8.3295E-02,8.4471E-02,8.5117E-02,9.1232E-02,9.7781E-02
54763.0000,NaN,-5.4422E-03,-7.4351E-03,-8.2305E-03,-8.5883E-03,-8.7974E-03,-8.9264E-03,-9.0414E-03,-9.6140E-03,-1.0405E-02
54764.0000,NaN,-4.8041E-02,-6.5571E-02,-7.2664E-02,-7.6009E-02,-7.8158E-02,-7.9778E-02,-8.1028E-02,-8.7039E-02,-9.3144E-02
54765.0000,NaN,9.1795E-03,1.2519E-02,1.3858E-02,1.4470E-02,1.4829E-02,1.5052E-02,1.5304E-02,1.6702E-02,1.7846E-02
54766.0000,NaN,4.4816E-02,6.1436E-02,6.8195E-02,7.1346E-02,7.3322E-02,7.4743E-02,7.6001E-02,8.2889E-02,8.8500E-02
54767.0000,NaN,-1.2547E-02,-1.7174E-02,-1.9028E-02,-1.9874E-02,-2.0364E-02,-2.0654E-02,-2.0907E-02,-2.3064E-02,-2.4679E-02
54768.0000,NaN,-4.2210E-02,-5.7607E-02,-6.3843E-02,-6.6732E-02,-6.8538E-02,-6.9868E-02,-7.1282E-02,-7.7884E-02,-8.3446E-02
54769.0000,NaN,1.5621E-02,2.1312E-02,2.3594E-02,2.4645E-02,2.5268E-02,2.5649E-02,2.5945E-02,2.8817E-02,3.0848E-02
54770.0000,NaN,3.8901E-02,5.3016E-02,5.8732E-02,6.1363E-02,6.2999E-02,6.4308E-02,6.6482E-02,7.3362E-02,7.8129E-02
54771.0000,NaN,-1.8099E-02,-2.4810E-02,-2.7519E-02,-2.8800E-02,-2.9592E-02,-3.0107E-02,-3.0531E-02,-3.4112E-02,-3.6438E-02
54772.0000,NaN,-3.5928E-02,-4.8989E-02,-5.4262E-02,-5.6619E-02,-5.7987E-02,-5.8995E-02,-6.1944E-02,-6.8103E-02,-7.2615E-02
54773.0000,NaN,2.0302E-02,2.7718E-02,3.0709E-02,3.2166E-02,3.3164E-02,3.3941E-02,3.4711E-02,3.8905E-02,4.1427E-02
54774.0000,NaN,3.2674E-02,4.4650E-02,4.9506E-02,5.1708E-02,5.2985E-02,5.3860E-02,5.6931E-02,6.3019E-02,6.6967E-02
54775.0000,NaN,-2.2159E-02,-3.0212E-02,-3.3450E-02,-3.5011E-02,-3.6162E-02,-3.7315E-02,-3.8399E-02,-4.3214E-02,-4.5869E-02
54776.0000,NaN,-2.9460E-02,-4.0326E-02,-4.4756E-02,-4.6822E-02,-4.8036E-02,-4.8802E-02,-5.1771E-02,-5.7816E-02,-6.1233E-02
54777.0000,NaN,2.3832E-02,3.2451E-02,3.5898E-02,3.7503E-02,3.8680E-02,4.0211E-02,4.1672E-02,4.6966E-02,4.9775E-02
54778.0000,NaN,2.6410E-02,3.6115E-02,4.0090E-02,4.2003E-02,4.3162E-02,4.3864E-02,4.6695E-02,5.2332E-02,5.5387E-02
54779.0000,NaN,-2.5143E-02,-3.4167E-02,-3.7761E-02,-3.9376E-02,-4.0501E-02,-4.2485E-02,-4.4717E-02,-5.0235E-02,-5.3125E-02
54780.0000,NaN,-2.3155E-02,-3.1694E-02,-3.5219E-02,-3.7007E-02,-3.8203E-02,-3.9051E-02,-4.1687E-02,-4.6827E-02,-4.9468E-02
54781.0000,NaN,2.6426E-02,3.6078E-02,3.9930E-02,4.1615E-02,4.2638E-02,4.4290E-02,4.6922E-02,5.2869E-02,5.5920E-02
54782.0000,NaN,2.0546E-02,2.7904E-02,3.0919E-02,3.2458E-02,3.3553E-02,3.4280E-02,3.6659E-02,4.1062E-02,4.3463E-02
54783.0000,NaN,-2.7455E-02,-3.7358E-02,-4.1322E-02,-4.3100E-02,-4.4195E-02,-4.6073E-02,-4.8820E-02,-5.4846E-02,-5.8103E-02
54784.0000,NaN,-1.7593E-02,-2.3868E-02,-2.6447E-02,-2.7773E-02,-2.8791E-02,-2.9482E-02,-3.1729E-02,-3.5360E-02,-3.7416E-02
54785.0000,NaN,2.7854E-02,3.8048E-02,4.2142E-02,4.3974E-02,4.5056E-02,4.7283E-02,5.0437E-02,5.6534E-02,5.9740E-02
54786.0000,NaN,1.4593E-02,1.9826E-02,2.1976E-02,2.3089E-02,2.4013E-02,2.4674E-02,2.6803E-02,2.9819E-02,3.1430E-02
